101 0.00858858182040714
101.058 0.00862979461659118
101.116 0.00867130368004753
101.174 0.00871311184671653
101.232 0.0087552219864236
101.29 0.00879763700336442
101.348 0.00884035983659808
101.406 0.00888339346054857
101.464 0.00892674088551463
101.522 0.00897040515818816
101.58 0.00901438936218132
101.638 0.00905869661856262
101.696 0.00910333008640198
101.754 0.00914829296332508
101.812 0.00919358848607706
101.87 0.00923921993109597
101.928 0.00928519061509578
101.986 0.0093315038956596
102.044 0.0093781631718429
102.102 0.00942517188478722
102.16 0.00947253351834431
102.218 0.00952025159971125
102.276 0.00956832970007634
102.334 0.00961677143527642
102.392 0.00966558046646544
102.45 0.00971476050079481
102.508 0.00976431529210556
102.566 0.00981424864163273
102.624 0.00986456439872199
102.682 0.00991526646155901
102.74 0.00996635877791163
102.798 0.0100178453458852
102.856 0.0100697302146912
102.914 0.0101220174854298
102.972 0.0101747113118861
103.03 0.0102278159013405
103.088 0.0102813355153941
103.146 0.0103352744708084
103.204 0.0103896371403602
103.262 0.0104444279537124
103.32 0.0104996513982996
103.378 0.0105553120202309
103.436 0.0106114144252083
103.494 0.010667963279462
103.552 0.010724963310703
103.61 0.0107824193090928
103.668 0.0108403361282318
103.726 0.010898718686164
103.784 0.0109575719664029
103.842 0.0110169010189736
103.9 0.0110767109614767
103.958 0.0111370069801698
104.016 0.0111977943310713
104.074 0.0112590783410826
104.132 0.0113208644091334
104.19 0.0113831580073473
104.248 0.0114459646822293
104.306 0.0115092900558765
104.364 0.011573139827211
104.422 0.0116375197732366
104.48 0.0117024357503196
104.538 0.0117678936954929
104.596 0.0118338996277868
104.654 0.0119004596495838
104.712 0.0119675799480006
104.77 0.0120352667962955
104.828 0.0121035265553044
104.886 0.0121723656749033
104.944 0.0122417906955007
105.002 0.0123118082495572
105.06 0.0123824250631368
105.118 0.0124536479574871
105.176 0.0125254838506511
105.234 0.0125979397591108
105.292 0.0126710227994633
105.35 0.0127447401901295
105.408 0.0128190992530976
105.466 0.0128941074157007
105.524 0.0129697722124302
105.582 0.013046101286785
105.64 0.0131231023931586
105.698 0.0132007833987634
105.756 0.0132791522855943
105.814 0.013358217152432
105.872 0.0134379862168869
105.93 0.013518467817484
105.988 0.0135996704157917
106.046 0.0136816025985927
106.104 0.0137642730801002
106.162 0.0138476907042198
106.22 0.0139318644468574
106.278 0.0140168034182758
106.336 0.0141025168654991
106.394 0.0141890141747679
106.452 0.0142763048740458
106.51 0.0143643986355773
106.568 0.0144533052785009
106.626 0.0145430347715157
106.684 0.0146335972356055
106.742 0.0147250029468194
106.8 0.0148172623391125
106.858 0.0149103860072462
106.916 0.0150043847097509
106.974 0.0150992693719516
107.032 0.0151950510890594
107.09 0.0152917411293282
107.148 0.0153893509372809
107.206 0.0154878921370042
107.264 0.0155873765355164
107.322 0.0156878161262067
107.38 0.0157892230923514
107.438 0.0158916098107061
107.496 0.0159949888551771
107.554 0.0160993730005734
107.612 0.0162047752264424
107.67 0.0163112087209896
107.728 0.0164186868850863
107.786 0.0165272233363659
107.844 0.0166368319134127
107.902 0.0167475266800438
107.96 0.0168593219296876
108.018 0.0169722321898615
108.076 0.0170862722267505
108.134 0.0172014570498898
108.192 0.0173178019169538
108.25 0.0174353223386554
108.308 0.0175540340837563
108.366 0.0176739531841932
108.424 0.0177950959403219
108.482 0.0179174789262828
108.54 0.0180411189954905
108.598 0.0181660332862514
108.656 0.0182922392275123
108.714 0.0184197545447431
108.772 0.0185485972659586
108.83 0.0186787857278808
108.888 0.0188103385822483
108.946 0.0189432748022734
109.004 0.0190776136892545
109.062 0.0192133748793446
109.12 0.0193505783504829
109.178 0.0194892444294921
109.236 0.0196293937993467
109.294 0.0197710475066165
109.352 0.019914226969091
109.41 0.0200589539835884
109.468 0.0202052507339558
109.526 0.0203531397992638
109.584 0.0205026441622038
109.642 0.02065378721769
109.7 0.0208065927816757
109.758 0.0209610851001867
109.816 0.0211172888585795
109.874 0.0212752291910307
109.932 0.0214349316902634
109.99 0.0215964224175174
110.048 0.0217597279127712
110.106 0.0219248752052211
110.164 0.0220918918240269
110.222 0.02226080580933
110.28 0.022431645723553
110.338 0.0226044406629879
110.396 0.0227792202696827
110.454 0.0229560147436332
110.512 0.0231348548552907
110.57 0.0233157719583934
110.628 0.0234987980031323
110.686 0.0236839655496598
110.744 0.0238713077819533
110.802 0.024060858522042
110.86 0.0242526522446098
110.918 0.0244467240919837
110.976 0.0246431098895203
111.034 0.0248418461614027
111.092 0.0250429701468583
111.15 0.0252465198168131
111.208 0.0254525338909925
111.266 0.025661051855485
111.324 0.0258721139807809
111.382 0.0260857613403018
111.44 0.0263020358294351
111.498 0.0265209801850901
111.556 0.0267426380057901
111.614 0.0269670537723196
111.672 0.0271942728689407
111.73 0.0274243416052
111.788 0.0276573072383414
111.846 0.0278932179963456
111.904 0.0281321231016156
111.962 0.0283740727953282
112.02 0.0286191183624738
112.078 0.0288673121576045
112.136 0.0291187076313151
112.194 0.0293733593574793
112.252 0.0296313230612654
112.31 0.0298926556479573
112.368 0.0301574152326061
112.426 0.0304256611705396
112.484 0.0306974540887579
112.542 0.0309728559182433
112.6 0.0312519299272151
112.658 0.0315347407553603
112.716 0.0318213544490719
112.774 0.0321118384977291
112.832 0.0324062618710523
112.89 0.0327046950575711
112.948 0.0330072101042398
113.006 0.0333138806572415
113.064 0.0336247820040187
113.122 0.0339399911165725
113.18 0.0342595866960739
113.238 0.034583649218831
113.296 0.0349122609836586
113.354 0.0352455061606981
113.412 0.0355834708417372
113.47 0.0359262430920816
113.528 0.0362739130040317
113.586 0.0366265727520193
113.644 0.0369843166494643
113.702 0.0373472412074074
113.76 0.0377154451949855
113.818 0.0380890297018097
113.876 0.0384680982023173
113.934 0.0388527566221628
113.992 0.0392431134067253
114.05 0.0396392795918016
114.108 0.0400413688765683
114.166 0.0404494976988894
114.224 0.0408637853130566
114.282 0.0412843538700481
114.34 0.0417113285003966
114.398 0.0421448373997614
114.456 0.0425850119173029
114.514 0.043031986646959
114.572 0.0434858995217335
114.63 0.0439468919111013
114.688 0.0444151087216494
114.746 0.0448906985010691
114.804 0.0453738135456254
114.862 0.0458646100112302
114.92 0.0463632480282543
114.978 0.0468698918202155
115.036 0.0473847098264897
115.094 0.0479078748291911
115.152 0.048439564084383
115.21 0.0489799594577759
115.268 0.0495292475650861
115.326 0.0500876199172292
115.384 0.0506552730705291
115.442 0.0512324087821353
115.5 0.0518192341708452
115.558 0.0524159618835362
115.616 0.0530228102674216
115.674 0.0536400035483531
115.732 0.0542677720154012
115.79 0.0549063522119532
115.848 0.0555559871335796
115.906 0.0562169264329281
115.964 0.0568894266319177
116.022 0.0575737513415117
116.08 0.0582701714893634
116.138 0.0589789655556398
116.196 0.0597004198173352
116.254 0.0604348286014099
116.312 0.061182494547089
116.37 0.0619437288776814
116.428 0.0627188516822837
116.486 0.0635081922077574
116.544 0.0643120891613713
116.602 0.065130891024529
116.66 0.0659649563780047
116.718 0.0668146542391396
116.776 0.0676803644114542
116.834 0.0685624778471638
116.892 0.0694613970230881
116.95 0.0703775363304773
117.008 0.0713113224792832
117.066 0.0722631949174364
117.124 0.073233606265696
117.182 0.0742230227686725
117.24 0.0752319247626318
117.298 0.0762608071607226
117.356 0.0773101799562745
117.414 0.0783805687448528
117.472 0.0794725152657618
117.53 0.0805865779637212
117.588 0.0817233325714548
117.646 0.0828833727139546
117.704 0.0840673105352037
117.762 0.0852757773481625
117.82 0.0865094243088436
117.878 0.0877689231153149
117.936 0.0890549667324931
117.994 0.0903682701436088
118.052 0.0917095711292319
118.11 0.093079631074764
118.168 0.0944792358073154
118.226 0.0959091964628929
118.284 0.0973703503848273
118.342 0.0988635620543709
118.4 0.100389724054393
118.458 0.101949758067098
118.516 0.103544615906666
118.574 0.105175280587701
118.632 0.106842767430356
118.69 0.108548125202932
118.748 0.110292437302749
118.806 0.112076822975988
118.864 0.113902438577152
118.922 0.115770478868703
118.98 0.11768217836134
119.038 0.119638812695241
119.096 0.121641700062473
119.154 0.123692202670597
119.212 0.125791728247314
119.27 0.127941731585753
119.328 0.130143716129794
119.386 0.132399235598472
119.444 0.134709895648228
119.502 0.137077355571351
119.56 0.139503330028561
119.618 0.141989590813163
119.676 0.144537968643675
119.734 0.147150354981193
119.792 0.149828703867052
119.85 0.152575033775564
119.908 0.155391429475701
119.966 0.158280043894612
120.024 0.161243099974722
120.082 0.164282892514932
120.14 0.167401789985007
120.198 0.170602236300695
120.256 0.173886752545385
120.314 0.177257938622131
120.372 0.180718474817761
120.43 0.184271123258356
120.488 0.187918729232749
120.546 0.191664222357756
120.604 0.195510617555572
120.662 0.199461015810223
120.72 0.203518604665978
120.778 0.2076866584263
120.836 0.211968538007115
120.894 0.216367690392979
120.952 0.220887647638989
121.01 0.225532025355044
121.068 0.230304520602256
121.126 0.235208909123988
121.184 0.240249041825956
121.242 0.245428840411302
121.3 0.250752292067225
121.358 0.256223443089964
121.416 0.261846391324305
121.474 0.267625277282712
121.532 0.27356427379737
121.59 0.279667574046245
121.648 0.285939377781453
121.706 0.292383875575294
121.764 0.299005230886
121.822 0.30580755973214
121.88 0.312794907751671
121.938 0.319971224409396
121.996 0.327340334105241
122.054 0.334905903926048
122.112 0.342671407775762
122.17 0.350640086614014
122.228 0.358814904531568
122.286 0.36719850039431
122.344 0.375793134796062
122.402 0.384600632076019
122.46 0.393622317180382
122.518 0.402858947181274
122.576 0.412310637310976
122.634 0.421976781427875
122.692 0.431855966904063
122.75 0.441945884015371
122.808 0.452243230024683
122.866 0.462743608280669
122.924 0.473441422808316
122.982 0.484329769046221
123.04 0.495400321589509
123.098 0.506643220026683
123.156 0.518046954213175
123.214 0.52959825060189
123.272 0.541281961548477
123.33 0.553080959821484
123.388 0.564976040867937
123.446 0.576945835704083
123.504 0.58896673760728
123.562 0.601012846064082
123.62 0.613055931664819
123.678 0.625065425806777
123.736 0.637008439156022
123.794 0.648849812798646
123.852 0.660552205864056
123.91 0.672076223102927
123.968 0.683380585432408
124.026 0.694422345805148
124.084 0.705157151908964
124.142 0.715539556159539
124.2 0.72552337222042
124.258 0.735062075894275
124.316 0.744109246713018
124.374 0.752619044960265
124.432 0.760546717249872
124.49 0.767849122231077
124.548 0.77448526657496
124.606 0.780416840201854
124.664 0.785608738817626
124.722 0.790029561312055
124.78 0.793652069495481
124.838 0.796453598050413
124.896 0.798416403468528
124.954 0.799527942117933
125.012 0.799781069398864
125.07 0.799174154128426
125.128 0.797711104752117
125.186 0.795401306598773
125.244 0.792259472051849
125.302 0.788305408076877
125.36 0.783563707901812
125.418 0.778063375687617
125.476 0.771837394666051
125.534 0.764922250401598
125.592 0.757357421525152
125.65 0.749184850487616
125.708 0.740448406618307
125.766 0.731193353094959
125.824 0.721465828406027
125.882 0.711312351589851
125.94 0.700779359052821
125.998 0.689912779182856
126.056 0.678757649362984
126.114 0.66735777842085
126.172 0.655755456080452
126.23 0.643991209655191
126.288 0.632103607066958
126.346 0.620129104310918
126.404 0.608101934716345
126.462 0.596054036775656
126.52 0.584015016916003
126.578 0.572012143352662
126.636 0.560070367071171
126.694 0.548212366012695
126.752 0.536458608662306
126.81 0.524827433440141
126.868 0.513335140550978
126.926 0.501996093239791
126.984 0.490822825714168
127.042 0.479826155315238
127.1 0.469015296836997
127.158 0.458397977200822
127.216 0.447980548981743
127.274 0.437768101551337
127.332 0.42776456884645
127.39 0.417972832991909
127.448 0.408394823198772
127.506 0.399031609528087
127.564 0.389883491254738
127.622 0.380950079688299
127.68 0.372230375409712
127.738 0.36372283996608
127.796 0.355425462132963
127.854 0.347335818906103
127.912 0.339451131424619
127.97 0.33176831605694
128.028 0.324284030900989
128.086 0.316994717962626
128.144 0.309896641282635
128.202 0.302985921283566
128.26 0.29625856560491
128.318 0.289710496688711
128.376 0.283337576369209
128.434 0.277135627709505
128.492 0.271100454316623
128.55 0.265227857353662
128.608 0.259513650454744
128.666 0.253953672735176
128.724 0.248543800076194
128.782 0.243279954850597
128.84 0.238158114243159
128.898 0.233174317307535
128.956 0.228324670890007
129.014 0.223605354539374
129.072 0.219012624512154
129.13 0.214542816972527
129.188 0.210192350477589
129.246 0.205957727830048
129.304 0.201835537372845
129.362 0.197822453792966
129.42 0.193915238495281
129.478 0.190110739601089
129.536 0.186405891620607
129.594 0.18279771484361
129.652 0.179283314487794
129.71 0.175859879640269
129.768 0.172524682023822
129.826 0.169275074616082
129.884 0.166108490146665
129.942 0.163022439494529
130 0.160014510005191
130.058 0.157082363745236
130.116 0.154223735709419
130.174 0.151436431993823
130.232 0.148718327946889
130.29 0.146067366308589
130.348 0.143481555346736
130.406 0.140958966998188
130.464 0.138497735021614
130.522 0.136096053167609
130.58 0.13375217337101
130.638 0.131464403969573
130.696 0.129231107952469
130.754 0.12705070124147
130.812 0.124921651007178
130.87 0.122842474022173
130.928 0.12081173505256
130.986 0.118828045289031
131.044 0.116890060818236
131.102 0.114996481135
131.16 0.113146047695658
131.218 0.111337542512607
131.276 0.109569786789947
131.334 0.107841639599987
131.392 0.106151996600194
131.45 0.104499788790116
131.508 0.102883981307655
131.566 0.101303572264046
131.624 0.0997575916167645
131.682 0.0982451000796083
131.74 0.0967651880690838
131.798 0.0953169746862515
131.856 0.0938996067331162
131.914 0.0925122577626669
131.972 0.0911541271616298
132.03 0.0898244392650133
132.088 0.0885224425015035
132.146 0.0872474085687929
132.204 0.0859986316379155
132.262 0.08477542758567
132.32 0.083577133254241
132.378 0.0824031057371232
132.436 0.0812527216904803
132.494 0.0801253766690878
132.552 0.0790204844860154
132.61 0.0779374765952445
132.668 0.0768758014964203
132.726 0.0758349241609571
132.784 0.0748143254787548
132.842 0.0738135017247852
132.9 0.072831964044839
132.958 0.0718692379597473
133.016 0.0709248628874006
133.074 0.0699983916819273
133.132 0.0690893901894022
133.19 0.0681974368194729
133.248 0.067322122132329
133.306 0.0664630484404408
133.364 0.0656198294245243
133.422 0.0647920897632064
133.48 0.0639794647758769
133.538 0.0631816000782439
133.596 0.0623981512501161
133.654 0.0616287835149538
133.712 0.0608731714307561
133.77 0.0601309985918561
133.828 0.0594019573412205
133.886 0.0586857484928571
133.944 0.0579820810639588
134.002 0.0572906720164177
134.06 0.0566112460073575
134.118 0.0559435351483531
134.176 0.055287278773011
134.234 0.0546422232125987
134.292 0.0540081215794269
134.35 0.0533847335576916
134.408 0.052771825201505
134.466 0.0521691687398464
134.524 0.0515765423881746
134.582 0.0509937301664609
134.64 0.0504205217234023
134.698 0.0498567121665883
134.756 0.049302101898404
134.814 0.0487564964574552
134.872 0.0482197063653188
134.93 0.047691546978421
134.988 0.047171838344854
135.046 0.0466604050659572
135.104 0.0461570761624858
135.162 0.0456616849452011
135.22 0.0451740688897255
135.278 0.044694069515504
135.336 0.0442215322687284
135.394 0.0437563064090818
135.452 0.0432982449001626
135.51 0.0428472043034628
135.568 0.0424030446757688
135.626 0.0419656294698666
135.684 0.0415348254384333
135.742 0.0411105025410002
135.8 0.0406925338538841
135.858 0.0402807954829786
135.916 0.0398751664793052
135.974 0.0394755287572315
136.032 0.0390817670152591
136.09 0.0386937686592948
136.148 0.038311423728319
136.206 0.0379346248223658
136.264 0.03756326703274
136.322 0.0371972478743885
136.38 0.0368364672203577
136.438 0.0364808272382619
136.496 0.0361302323286962
136.554 0.0357845890655278
136.612 0.0354438061380005
136.67 0.0351077942945934
136.728 0.0347764662885752
136.786 0.0344497368251931
136.844 0.0341275225104469
136.902 0.033809741801393
136.96 0.0334963149579266
137.018 0.0331871639959956
137.076 0.0328822126421965
137.134 0.0325813862897084
137.192 0.0322846119555213
137.25 0.0319918182389147
137.308 0.031702935281148
137.366 0.0314178947263212
137.424 0.0311366296833698
137.482 0.0308590746891568
137.54 0.0305851656726242
137.598 0.0303148399199741
137.656 0.030048036040844
137.714 0.0297846939354435
137.772 0.0295247547626246
137.83 0.0292681609088547
137.888 0.0290148559580627
137.946 0.0287647846623335
138.004 0.0285178929134201
138.062 0.0282741277150528
138.12 0.0280334371560167
138.178 0.0277957703839743
138.236 0.0275610775800122
138.294 0.0273293099338871
138.352 0.0271004196199505
138.41 0.0268743597737327
138.468 0.0266510844691617
138.526 0.0264305486964036
138.584 0.0262127083403002
138.642 0.0259975201593892
138.7 0.0257849417654872
138.758 0.0255749316038204
138.816 0.0253674489336854
138.874 0.0251624538096239
138.932 0.0249599070630968
138.99 0.0247597702846436
139.048 0.0245620058065099
139.106 0.0243665766857326
139.164 0.0241734466876666
139.222 0.0239825802699416
139.28 0.0237939425668361
139.338 0.0236074993740556
139.396 0.0234232171339041
139.454 0.0232410629208382
139.512 0.0230610044273901
139.57 0.022883009950452
139.628 0.0227070483779093
139.686 0.0225330891756137
139.744 0.0223611023746864
139.802 0.0221910585591413
139.86 0.0220229288538193
139.918 0.021856684912627
139.976 0.0216922989070666
140.034 0.0215297435150543
140.092 0.0213689919100146
140.15 0.0212100177502454
140.208 0.0210527951685461
140.266 0.0208972987620992
140.324 0.0207435035826016
140.382 0.020591385126637
140.44 0.0204409193262819
140.498 0.0202920825399406
140.556 0.0201448515434024
140.614 0.0199992035211137
140.672 0.0198551160576614
140.73 0.0197125671294592
140.788 0.0195715350966337
140.846 0.0194319986951041
140.904 0.0192939370288491
140.962 0.019157329562358
141.02 0.0190221561132594
141.078 0.0188883968451245
141.136 0.0187560322604377
141.194 0.0186250431937335
141.252 0.0184954108048921
141.31 0.0183671165725919
141.368 0.0182401422879132
141.426 0.0181144700480901
141.484 0.0179900822504062
141.542 0.0178669615862312
141.6 0.0177450910351928
141.658 0.0176244538594831
141.716 0.0175050335982941
141.774 0.0173868140623791
141.832 0.017269779328738
141.89 0.0171539137354217
141.948 0.0170392018764543
142.006 0.0169256285968687
142.064 0.0168131789878531
142.122 0.0167018383820058
142.18 0.0165915923486964
142.238 0.016482426689528
142.296 0.0163743274339018
142.354 0.0162672808346777
142.412 0.0161612733639314
142.47 0.0160562917088043
142.528 0.0159523227674431
142.586 0.0158493536450293
142.644 0.0157473716498939
142.702 0.0156463642897169
142.76 0.015546319267808
142.818 0.0154472244794684
142.876 0.0153490680084303
142.934 0.0152518381233725
142.992 0.0151555232745103
143.05 0.0150601120902584
143.108 0.0149655933739645
143.166 0.0148719561007117
143.224 0.014779189414189
143.282 0.014687282623627
143.34 0.0145962252007985
143.398 0.0145060067770817
143.456 0.0144166171405842
143.514 0.0143280462333276
143.572 0.0142402841484904
143.63 0.0141533211277073
143.688 0.014067147558425
143.746 0.0139817539713122
143.804 0.0138971310377227
143.862 0.01381326956721
143.92 0.0137301605050938
143.978 0.0136477949300747
144.036 0.0135661640518982
144.094 0.0134852592090656
144.152 0.0134050718665914
144.21 0.0133255936138055
144.268 0.0132468161621998
144.326 0.013168731343318
144.384 0.0130913311066869
144.442 0.0130146075177903
144.5 0.0129385527560811
144.558 0.0128631591130348
144.616 0.0127884189902405
144.674 0.0127143248975288
144.732 0.0126408694511387
144.79 0.0125680453719175
144.848 0.0124958454835586
144.906 0.0124242627108718
144.964 0.0123532900780883
145.022 0.0122829207071978
145.08 0.0122131478163186
145.138 0.0121439647180981
145.196 0.0120753648181455
145.254 0.0120073416134929
145.312 0.0119398886910872
145.37 0.0118729997263102
145.428 0.011806668481527
145.486 0.0117408888046618
145.544 0.0116756546278011
145.602 0.0116109599658228
145.66 0.0115467989150514
145.718 0.0114831656519387
145.776 0.0114200544317686
145.834 0.0113574595873867
145.892 0.0112953755279534
145.95 0.0112337967377203
146.008 0.011172717774829
146.066 0.0111121332701326
146.124 0.0110520379260385
146.182 0.0109924265153729
146.24 0.010933293880266
146.298 0.0108746349310576
146.356 0.0108164446452224
146.414 0.0107587180663162
146.472 0.010701450302939
146.53 0.0106446365277194
146.588 0.0105882719763156
146.646 0.010532351946435
146.704 0.010476871796872
146.762 0.010421826946562
146.82 0.0103672128736534
146.878 0.0103130251145955
146.936 0.010259259263243
146.994 0.0102059109699765
147.052 0.0101529759408381
147.11 0.010100449936683
147.168 0.0100483287723455
147.226 0.00999660831582002
147.284 0.00994528448745666
147.342 0.00989435325917028
147.4 0.00984381065366398
147.458 0.00979365274366596
147.516 0.00974387565117951
147.574 0.0096944755467462
147.632 0.00964544864872187
147.69 0.00959679122256494
147.748 0.00954849958013715
147.806 0.00950057007901627
147.864 0.00945299912182063
147.922 0.00940578315554527
147.98 0.00935891867090924
148.038 0.00931240220171418
148.096 0.00926623032421391
148.154 0.00922039965649437
148.212 0.00917490685786441
148.27 0.00912974862825662
148.328 0.00908492170763846
148.386 0.00904042287543306
148.444 0.00899624894994986
148.502 0.00895239678782487
148.56 0.00890886328347001
148.618 0.00886564536853184
148.676 0.00882274001135923
148.734 0.00878014421647977
148.792 0.00873785502408499
148.85 0.00869586950952389
148.908 0.00865418478280494
148.966 0.00861279798810627
149.024 0.00857170630329375
149.082 0.00853090693944708
149.14 0.00849039714039358
149.198 0.0084501741822495
149.256 0.00841023537296894
149.314 0.00837057805189984
149.372 0.00833119958934736
149.43 0.00829209738614425
149.488 0.00825326887322802
149.546 0.00821471151122504
149.604 0.00817642279004127
149.662 0.00813840022845946
149.72 0.00810064137374294
149.778 0.00806314380124545
149.836 0.00802590511402744
149.894 0.00798892294247836
149.952 0.00795219494394477
150.01 0.00791571880236455
150.068 0.00787949222790676
150.126 0.00784351295661709
150.184 0.00780777875006906
150.242 0.00777228739502045
150.3 0.00773703670307521
150.358 0.00770202451035071
150.416 0.00766724867714998
150.474 0.00763270708763917
150.532 0.00759839764952995
150.59 0.00756431829376681
150.648 0.00753046697421924
150.706 0.00749684166737853
150.764 0.00746344037205932
150.822 0.00743026110910567
150.88 0.00739730192110164
150.938 0.00736456087208626
150.996 0.00733203604727286
151.054 0.00729972555277269
151.112 0.00726762751532262
151.17 0.00723574008201706
151.228 0.0072040614200439
151.286 0.00717258971642439
151.344 0.00714132317775695
151.402 0.00711026002996483
151.46 0.00707939851804753
151.518 0.00704873690583597
151.576 0.00701827347575121
151.634 0.00698800652856684
151.692 0.00695793438317495
151.75 0.00692805537635535
151.808 0.00689836786254848
151.866 0.00686887021363141
151.924 0.00683956081869734
151.982 0.00681043808383823
152.04 0.00678150043193058
152.098 0.00675274630242448
152.156 0.00672417415113562
152.214 0.00669578245004035
152.272 0.00666756968707376
152.33 0.00663953436593067
152.388 0.00661167500586946
152.446 0.00658399014151884
152.504 0.00655647832268724
152.562 0.0065291381141751
152.62 0.00650196809558983
152.678 0.00647496686116327
152.736 0.00644813301957199
152.794 0.00642146519375997
152.852 0.00639496202076393
152.91 0.00636862215154107
152.968 0.00634244425079925
153.026 0.00631642699682964
153.084 0.00629056908134169
153.142 0.0062648692093004
153.2 0.00623932609876596
153.258 0.00621393848073556
153.316 0.00618870509898752
153.374 0.00616362470992744
153.432 0.00613869608243667
153.49 0.00611391799772282
153.548 0.00608928924917232
153.606 0.00606480864220506
153.664 0.00604047499413104
153.722 0.00601628713400904
153.78 0.00599224390250718
153.838 0.00596834415176541
153.896 0.00594458674525994
153.954 0.00592097055766951
154.012 0.00589749447474344
154.07 0.00587415739317153
154.128 0.00585095822045579
154.186 0.0058278958747838
154.244 0.00580496928490388
154.302 0.00578217739000193
154.36 0.00575951913957989
154.418 0.00573699349333597
154.476 0.00571459942104632
154.534 0.00569233590244847
154.592 0.00567020192712618
154.65 0.00564819649439598
154.708 0.00562631861319511
154.766 0.00560456730197103
154.824 0.00558294158857235
154.882 0.00556144051014132
154.94 0.00554006311300757
154.998 0.00551880845258345
155.056 0.00549767559326061
155.114 0.00547666360830802
155.172 0.0054557715797714
155.23 0.00543499859837376
155.288 0.00541434376341746
155.346 0.00539380618268753
155.404 0.00537338497235608
155.462 0.00535307925688821
155.52 0.00533288816894891
155.578 0.00531281084931141
155.636 0.0052928464467665
155.694 0.00527299411803314
155.752 0.00525325302767027
155.81 0.00523362234798965
155.868 0.00521410125896987
155.926 0.00519468894817154
155.984 0.00517538461065343
156.042 0.00515618744888983
156.1 0.00513709667268886
156.158 0.00511811149911189
156.216 0.00509923115239398
156.274 0.00508045486386526
156.332 0.00506178187187346
156.39 0.00504321142170725
156.448 0.00502474276552072
156.506 0.00500637516225867
156.564 0.00498810787758293
156.622 0.0049699401837996
156.68 0.00495187135978718
156.738 0.00493390069092562
156.796 0.00491602746902624
156.854 0.00489825099226257
156.912 0.00488057056510201
156.97 0.00486298549823839
157.028 0.0048454951085253
157.086 0.00482809871891031
157.144 0.00481079565837001
157.202 0.00479358526184579
157.26 0.00477646687018049
157.318 0.00475943983005578
157.376 0.00474250349393033
157.434 0.00472565721997879
157.492 0.0047089003720314
157.55 0.00469223231951443
157.608 0.00467565243739139
157.666 0.00465916010610483
157.724 0.00464275471151896
157.782 0.00462643564486291
157.84 0.0046102023026747
157.898 0.00459405408674592
157.956 0.00457799040406699
158.014 0.00456201066677323
158.072 0.00454611429209138
158.13 0.004530300702287
158.188 0.00451456932461226
158.246 0.00449891959125459
158.304 0.00448335093928577
158.362 0.00446786281061169
158.42 0.00445245465192276
158.478 0.00443712591464483
158.536 0.00442187605489074
158.594 0.00440670453341244
158.652 0.00439161081555369
158.71 0.00437659437120326
158.768 0.00436165467474882
158.826 0.00434679120503119
158.884 0.00433200344529927
158.942 0.00431729088316548
