101 0.0158097874881454
101.058 0.015883354278926
101.116 0.0159574354503527
101.174 0.0160320358061939
101.232 0.0161071602063931
101.29 0.016182813567859
101.348 0.0162590008652675
101.406 0.0163357271318783
101.464 0.0164129974603639
101.522 0.0164908170036523
101.58 0.0165691909757847
101.638 0.0166481246527863
101.696 0.0167276233735522
101.754 0.0168076925407481
101.812 0.0168883376217257
101.87 0.0169695641494541
101.928 0.0170513777234663
101.986 0.0171337840108216
102.044 0.017216788747085
102.102 0.0173003977373224
102.16 0.017384616857113
102.218 0.0174694520535794
102.276 0.017554909346434
102.334 0.0176409948290449
102.392 0.0177277146695191
102.45 0.0178150751118042
102.508 0.0179030824768098
102.566 0.0179917431635479
102.624 0.0180810636502928
102.682 0.0181710504957616
102.74 0.0182617103403147
102.798 0.0183530499071782
102.856 0.0184450760036862
102.914 0.0185377955225465
102.972 0.0186312154431275
103.03 0.0187253428327678
103.088 0.0188201848481096
103.146 0.0189157487364551
103.204 0.0190120418371473
103.262 0.0191090715829751
103.32 0.0192068455016038
103.378 0.019305371217031
103.436 0.0194046564510688
103.494 0.0195047090248521
103.552 0.0196055368603748
103.61 0.0197071479820537
103.668 0.0198095505183198
103.726 0.0199127527032399
103.784 0.0200167628781668
103.842 0.0201215894934197
103.9 0.0202272411099958
103.958 0.0203337264013129
104.016 0.0204410541549846
104.074 0.0205492332746272
104.132 0.0206582727817015
104.19 0.0207681818173876
104.248 0.0208789696444949
104.306 0.020990645649408
104.364 0.0211032193440687
104.422 0.0212167003679952
104.48 0.0213310984903393
104.538 0.0214464236119823
104.596 0.0215626857676706
104.654 0.021679895128192
104.712 0.0217980620025928
104.77 0.0219171968404371
104.828 0.0220373102341106
104.886 0.0221584129211663
104.944 0.0222805157867177
105.002 0.0224036298658757
105.06 0.0225277663462347
105.118 0.0226529365704053
105.176 0.0227791520385968
105.234 0.0229064244112505
105.292 0.023034765511723
105.35 0.0231641873290239
105.408 0.0232947020206053
105.466 0.023426321915208
105.524 0.0235590595157628
105.582 0.0236929275023493
105.64 0.0238279387352143
105.698 0.023964106257849
105.756 0.0241014433001289
105.814 0.0242399632815161
105.872 0.0243796798143254
105.93 0.024520606707057
105.988 0.024662757967796
106.046 0.0248061478076811
106.104 0.0249507906444434
106.162 0.0250967011060175
106.22 0.0252438940342266
106.278 0.0253923844885425
106.336 0.0255421877499236
106.394 0.0256933193247317
106.452 0.0258457949487293
106.51 0.0259996305911607
106.568 0.0261548424589172
106.626 0.0263114470007896
106.684 0.0264694609118092
106.742 0.0266289011376809
106.8 0.0267897848793077
106.858 0.0269521295974129
106.916 0.0271159530172584
106.974 0.0272812731334645
107.032 0.0274481082149308
107.09 0.0276164768098642
107.148 0.0277863977509126
107.206 0.0279578901604104
107.264 0.0281309734557364
107.322 0.0283056673547879
107.38 0.0284819918815727
107.438 0.0286599673719242
107.496 0.0288396144793399
107.554 0.0290209541809483
107.612 0.0292040077836067
107.67 0.0293887969301336
107.728 0.029575343605678
107.786 0.0297636701442312
107.844 0.0299537992352818
107.902 0.0301457539306209
107.96 0.0303395576512976
108.018 0.0305352341947325
108.076 0.0307328077419902
108.134 0.0309323028652165
108.192 0.0311337445352441
108.25 0.0313371581293711
108.308 0.0315425694393175
108.366 0.0317500046793626
108.424 0.0319594904946705
108.482 0.0321710539698064
108.54 0.0323847226374507
108.598 0.0326005244873136
108.656 0.0328184879752588
108.714 0.0330386420326384
108.772 0.0332610160758482
108.83 0.0334856400161059
108.888 0.0337125442694603
108.946 0.0339417597670376
109.004 0.0341733179655306
109.062 0.0344072508579368
109.12 0.0346435909845549
109.178 0.0348823714442424
109.236 0.0351236259059465
109.294 0.0353673886205112
109.352 0.0356136944327717
109.41 0.0358625787939417
109.468 0.0361140777743036
109.526 0.0363682280762084
109.584 0.0366250670473955
109.642 0.0368846326946398
109.7 0.0371469636977373
109.758 0.0374120994238363
109.816 0.037680079942127
109.874 0.0379509460388966
109.932 0.0382247392329631
109.99 0.0385015017914964
110.048 0.0387812767462398
110.106 0.0390641079101421
110.164 0.0393500398944129
110.222 0.0396391181260129
110.28 0.039931388865593
110.338 0.0402268992258935
110.396 0.0405256971906194
110.454 0.0408278316338033
110.512 0.0411333523396724
110.57 0.0414423100230337
110.628 0.0417547563501926
110.686 0.0420707439604215
110.744 0.042390326487995
110.802 0.0427135585848081
110.86 0.0430404959435963
110.918 0.0433711953217738
110.976 0.0437057145659117
111.034 0.0440441126368731
111.092 0.0443864496356261
111.15 0.0447327868297578
111.208 0.0450831866807065
111.266 0.0454377128717398
111.324 0.045796430336697
111.382 0.046159405289524
111.44 0.0465267052546219
111.498 0.0468983990980391
111.556 0.0472745570595284
111.614 0.0476552507855032
111.672 0.0480405533629148
111.73 0.0484305393540863
111.788 0.0488252848325292
111.846 0.0492248674197786
111.904 0.0496293663232762
111.962 0.0500388623753387
112.02 0.0504534380732451
112.078 0.0508731776204807
112.136 0.0512981669691746
112.194 0.0517284938637731
112.252 0.0521642478859863
112.31 0.0526055205010549
112.368 0.0530524051053767
112.426 0.0535049970755436
112.484 0.053963393818832
112.542 0.0544276948252009
112.6 0.0548980017208444
112.658 0.0553744183233563
112.716 0.0558570506985581
112.774 0.0563460072190521
112.832 0.0568413986245556
112.89 0.0573433380840818
112.948 0.0578519412600289
113.006 0.0583673263742471
113.064 0.058889614276152
113.122 0.0594189285129571
113.18 0.0599553954021014
113.238 0.0604991441059499
113.296 0.0610503067088503
113.354 0.0616090182966286
113.412 0.062175417038614
113.47 0.0627496442722839
113.528 0.0633318445906273
113.586 0.0639221659323216
113.644 0.0645207596748338
113.702 0.0651277807305461
113.76 0.0657433876460277
113.818 0.0663677427045615
113.876 0.0670010120320562
113.934 0.0676433657064651
113.992 0.0682949778708497
114.05 0.068956026850223
114.108 0.0696266952723209
114.166 0.0703071701924494
114.224 0.070997643222569
114.282 0.0716983106647758
114.34 0.0724093736493574
114.398 0.0731310382775958
114.456 0.0738635157695122
114.514 0.0746070226167405
114.572 0.0753617807407429
114.63 0.0761280176565727
114.688 0.0769059666424139
114.746 0.0776958669151257
114.804 0.0784979638120396
114.862 0.0793125089792606
114.92 0.0801397605667419
114.978 0.0809799834304097
115.036 0.0818334493416317
115.094 0.0827004372043331
115.152 0.0835812332800819
115.21 0.0844761314214756
115.268 0.0853854333141825
115.326 0.0863094487280046
115.384 0.0872484957773443
115.442 0.0882029011914819
115.5 0.0891730005950852
115.558 0.0901591387993949
115.616 0.0911616701045507
115.674 0.0921809586135453
115.732 0.093217378558321
115.79 0.0942713146385442
115.848 0.0953431623736221
115.906 0.0964333284685544
115.964 0.0975422311942433
116.022 0.0986703007829165
116.08 0.0998179798393456
116.138 0.10098572376859
116.196 0.10217400122102
116.254 0.103383294555421
116.312 0.104614100321018
116.37 0.105866929759308
116.428 0.107142309326627
116.486 0.108440781238442
116.544 0.10976290403638
116.602 0.111109253179116
116.66 0.11248042165823
116.718 0.113877020640268
116.776 0.115299680136273
116.834 0.116749049700132
116.892 0.118225799157152
116.95 0.119730619364373
117.008 0.121264223004196
117.066 0.122827345412988
117.124 0.124420745446439
117.182 0.12604520638353
117.24 0.127701536871082
117.298 0.129390571910974
117.356 0.13111317389223
117.414 0.132870233670312
117.472 0.134662671696085
117.53 0.136491439197068
117.588 0.138357519413751
117.646 0.140261928893889
117.704 0.142205718847913
117.762 0.144189976568734
117.82 0.146215826919449
117.878 0.14828443389266
117.936 0.150397002245343
117.994 0.152554779213453
118.052 0.154759056310724
118.11 0.157011171216358
118.168 0.159312509756659
118.226 0.161664507985927
118.284 0.164068654372317
118.342 0.166526492094689
118.4 0.169039621456904
118.458 0.17160970242643
118.516 0.174238457304552
118.574 0.176927673535999
118.632 0.179679206666282
118.69 0.18249498345563
118.748 0.185377005158982
118.806 0.188327350982147
118.864 0.191348181724932
118.922 0.19444174362279
118.98 0.197610372399334
119.038 0.20085649754291
119.096 0.204182646821393
119.154 0.207591451050314
119.212 0.211085649130561
119.27 0.214668093373013
119.328 0.218341755128769
119.386 0.222109730744935
119.444 0.225975247867476
119.502 0.229941672114132
119.56 0.234012514142204
119.618 0.238191437137805
119.676 0.242482264755216
119.734 0.246888989537149
119.792 0.25141578184909
119.85 0.256066999363458
119.908 0.260847197132062
119.966 0.265761138288403
120.024 0.27081380542461
120.082 0.27601041269137
120.14 0.281356418673086
120.198 0.286857540094702
120.256 0.29251976642125
120.314 0.298349375416132
120.372 0.304352949729631
120.43 0.310537394595057
120.488 0.316909956716456
120.546 0.323478244438848
120.604 0.330250249299711
120.662 0.337234369068872
120.72 0.344439432393225
120.778 0.351874725172795
120.836 0.359550018805716
120.894 0.367475600451876
120.952 0.375662305478216
121.01 0.384121552263299
121.068 0.392865379554679
121.126 0.401906486590273
121.184 0.411258276214062
121.242 0.420934901237794
121.3 0.430951314323468
121.358 0.441323321687153
121.416 0.452067640952682
121.474 0.46320196351492
121.532 0.474745021806258
121.59 0.486716661897706
121.648 0.49913792190717
121.706 0.512031116733245
121.764 0.525419929682879
121.822 0.539329511616783
121.88 0.553786588297192
121.938 0.568819576689934
121.996 0.584458711046464
122.054 0.600736179673145
122.112 0.617686273384342
122.17 0.635345546734602
122.228 0.653752993233068
122.286 0.672950235862144
122.344 0.692981734352244
122.402 0.713895010806653
122.46 0.735740895425567
122.518 0.758573794247208
122.576 0.782451981006774
122.634 0.80743791541162
122.692 0.833598590343319
122.75 0.861005910723838
122.808 0.889737107022768
122.866 0.919875186633692
122.924 0.951509426607212
122.982 0.984735911491144
123.04 1.019658120288
123.098 1.05638756678656
123.156 1.09504449774479
123.214 1.13575865357644
123.272 1.17867009629978
123.33 1.22393010950882
123.388 1.27170217498277
123.446 1.3221630301983
123.504 1.37550381037454
123.562 1.43193127766243
123.62 1.49166913855685
123.678 1.55495944839068
123.736 1.62206409864724
123.794 1.69326637851695
123.852 1.76887259626793
123.91 1.84921373813715
123.968 1.93464713200304
124.026 2.02555806934192
124.084 2.12236132100126
124.142 2.22550245902866
124.2 2.33545886683876
124.258 2.45274028177994
124.316 2.57788866583696
124.374 2.71147713970624
124.432 2.85410764064155
124.49 3.00640687320318
124.548 3.16902001274881
124.606 3.34260149364589
124.664 3.52780206930697
124.722 3.72525117431605
124.78 3.93553346086745
124.838 4.15915824177402
124.896 4.39652048204832
124.954 4.64785198887392
125.012 4.91316162523736
125.07 5.19216380953802
125.128 5.48419537976835
125.186 5.78812222897815
125.244 6.10223908378037
125.302 6.42416847408563
125.36 6.75076828507666
125.418 7.07806103400848
125.476 7.40120160291855
125.534 7.71450262751921
125.592 8.01153678013591
125.65 8.28533133240925
125.708 8.52866148939688
125.766 8.73443486564138
125.824 8.89614158352653
125.882 9.00832623905701
125.94 9.06702435018672
125.998 9.07010196381113
126.056 9.01744605467641
126.114 8.91097475606267
126.172 8.75446572778055
126.23 8.55323067243869
126.288 8.31368657439368
126.346 8.04288465960994
126.404 7.74805544968176
126.462 7.43621548511919
126.52 7.11386330409455
126.578 6.7867741324787
126.636 6.45988809962709
126.694 6.13727731058478
126.752 5.82217274431772
126.81 5.51703162834405
126.868 5.2236282115877
126.926 4.94315437674403
126.984 4.67632030164227
127.042 4.42344878425579
127.1 4.18455960083821
127.158 3.95944230769921
127.216 3.74771728957721
127.274 3.54888572347472
127.332 3.36236959939911
127.39 3.18754313859666
127.448 3.0237569722754
127.506 2.87035636162079
127.564 2.72669460359794
127.622 2.59214260984045
127.68 2.46609548830837
127.738 2.34797681087536
127.796 2.23724112015341
127.854 2.13337511752634
127.912 2.03589788118423
127.97 1.94436038640286
128.028 1.85834453834606
128.086 1.77746187810789
128.144 1.70135208347716
128.202 1.62968135512305
128.26 1.56214075494701
128.318 1.49844454484749
128.376 1.43832855997254
128.434 1.38154863976225
128.492 1.32787913196884
128.55 1.27711147878806
128.608 1.22905288977594
128.666 1.18352510298535
128.724 1.14036323345152
128.782 1.09941470655501
128.84 1.06053827272326
128.898 1.0236030992604
128.956 0.98848793471722
129.014 0.9550803410481
129.072 0.92327598879109
129.13 0.892978010602651
129.188 0.864096408648497
129.246 0.836547511567589
129.304 0.810253476971394
129.362 0.78514183569887
129.42 0.761145074311109
129.478 0.738200252569235
129.536 0.716248652891409
129.594 0.695235459026255
129.652 0.675109461407666
129.71 0.655822786870055
129.768 0.637330650602293
129.826 0.619591128402969
129.884 0.60256494747019
129.942 0.586215294115427
130 0.570507636934451
130.058 0.555409564099879
130.116 0.540890633559437
130.174 0.52692223503344
130.232 0.513477462804465
130.29 0.500530998382527
130.348 0.488059002211557
130.406 0.476039013657478
130.464 0.46444985858607
130.522 0.453271563900547
130.58 0.442485278464478
130.638 0.432073199886576
130.696 0.422018506689904
130.754 0.412305295429775
130.812 0.40291852236277
130.87 0.393843949303607
130.928 0.385068093337945
130.986 0.376578180087769
131.044 0.368362100251736
131.102 0.36040836916648
131.16 0.352706089156183
131.218 0.345244914457324
131.276 0.338015018523122
131.334 0.331007063528428
131.392 0.324212171910486
131.45 0.317621899794486
131.508 0.311228212164997
131.566 0.305023459655634
131.624 0.299000356839421
131.682 0.293151961911787
131.74 0.28747165766652
131.798 0.281953133672945
131.856 0.276590369569593
131.914 0.271377619396343
131.972 0.266309396892856
132.03 0.261380461696748
132.088 0.256585806379884
132.146 0.251920644265902
132.204 0.247380397976289
132.262 0.242960688656197
132.32 0.23865732583487
132.378 0.234466297878792
132.436 0.23038376299873
132.494 0.226406040774658
132.552 0.222529604165102
132.61 0.218751071969881
132.668 0.215067201717359
132.726 0.211474882949366
132.784 0.20797113087887
132.842 0.204553080397115
132.9 0.201217980408637
132.958 0.197963188473991
133.016 0.194786165741388
133.074 0.191684472149766
133.132 0.188655761886931
133.19 0.185697779087501
133.248 0.182808353756447
133.306 0.179985397904899
133.364 0.177226901885775
133.422 0.174530930917632
133.48 0.171895621785815
133.538 0.169319179710756
133.596 0.166799875373876
133.654 0.164336042092139
133.712 0.161926073132919
133.77 0.1595684191613
133.828 0.157261585812471
133.886 0.155004131382281
133.944 0.152794664629498
134.002 0.150631842683669
134.06 0.148514369052842
134.118 0.146440991725803
134.176 0.144410501363756
134.234 0.142421729576683
134.292 0.140473547279927
134.35 0.138564863126767
134.408 0.136694622013026
134.466 0.134861803649992
134.524 0.133065421202089
134.582 0.131304519986021
134.64 0.129578176228239
134.698 0.127885495877775
134.756 0.126225613471663
134.814 0.12459769105031
134.872 0.123000917120343
134.93 0.121434505662567
134.988 0.119897695182837
135.046 0.118389747803723
135.104 0.116909948395011
135.162 0.115457603741142
135.22 0.114032041743828
135.278 0.112632610658159
135.336 0.11125867836061
135.394 0.109909631647446
135.452 0.108584875562093
135.51 0.107283832750124
135.568 0.106005942840574
135.626 0.104750661852379
135.684 0.103517461624772
135.742 0.102305829270544
135.8 0.101115266651142
135.858 0.0999452898726058
135.916 0.0987954288014061
135.974 0.0976652265993082
136.032 0.0965542392764001
136.09 0.0954620352614886
136.148 0.0943881949891017
136.206 0.0933323105023621
136.264 0.0922939850710532
136.322 0.0912728328242063
136.38 0.0902684783965947
136.438 0.0892805565885323
136.496 0.0883087120384111
136.554 0.0873525989074395
136.612 0.0864118805760602
136.67 0.0854862293515658
136.728 0.0845753261864393
136.786 0.0836788604069713
136.844 0.0827965294517364
136.902 0.0819280386195161
136.96 0.081073100826285
137.018 0.0802314363708909
137.076 0.0794027727090728
137.134 0.0785868442354859
137.192 0.0777833920734094
137.25 0.0769921638718265
137.308 0.0762129136095917
137.366 0.0754454014063968
137.424 0.0746893933402728
137.482 0.073944661271371
137.54 0.0732109826717741
137.598 0.0724881404611094
137.656 0.0717759228477372
137.714 0.0710741231752965
137.772 0.0703825397744098
137.83 0.0697009758193442
137.888 0.0690292391894444
137.946 0.0683671423351572
138.004 0.0677145021484715
138.062 0.0670711398376132
138.12 0.0664368808058359
138.178 0.0658115545341497
138.236 0.0651949944678519
138.294 0.064587037906713
138.352 0.0639875258986862
138.41 0.063396303137015
138.468 0.062813217860609
138.526 0.0622381217575789
138.584 0.0616708698718078
138.642 0.0611113205124584
138.7 0.0605593351663058
138.758 0.0600147784127981
138.816 0.0594775178417493
138.874 0.0589474239735682
138.932 0.0584243701819395
138.99 0.0579082326188687
139.048 0.0573988901420075
139.106 0.0568962242441845
139.164 0.0564001189850623
139.222 0.0559104609248498
139.28 0.0554271390599987
139.338 0.0549500447608157
139.396 0.0544790717109289
139.454 0.0540141158485427
139.512 0.0535550753094216
139.57 0.0531018503715468
139.628 0.0526543434013886
139.686 0.0522124588017403
139.744 0.051776102961065
139.802 0.0513451842043007
139.86 0.0509196127450806
139.918 0.0504993006393209
139.976 0.0500841617401293
140.034 0.0496741116539951
140.092 0.049269067698217
140.15 0.0488689488595302
140.208 0.0484736757538945
140.266 0.0480831705874036
140.324 0.0476973571182848
140.382 0.0473161606199514
140.44 0.0469395078450741
140.498 0.0465673269906421
140.556 0.0461995476639809
140.614 0.0458361008496976
140.672 0.0454769188775257
140.73 0.0451219353910389
140.788 0.0447710853172117
140.846 0.0444243048367968
140.904 0.0440815313554954
140.962 0.0437427034758976
141.02 0.0434077609701683
141.078 0.0430766447534566
141.136 0.0427492968580057
141.194 0.0424256604079445
141.252 0.0421056795947393
141.31 0.0417892996532847
141.368 0.0414764668386171
141.426 0.0411671284032316
141.484 0.0408612325749831
141.542 0.0405587285355568
141.6 0.0402595663994894
141.658 0.0399636971937261
141.716 0.0396710728376981
141.774 0.0393816461239039
141.832 0.0390953706989823
141.89 0.0388122010452608
141.948 0.0385320924627666
142.006 0.0382550010516884
142.064 0.0379808836952728
142.122 0.0377096980431471
142.18 0.0374414024950531
142.238 0.0371759561849822
142.296 0.0369133189657002
142.354 0.0366534513936503
142.412 0.0363963147142246
142.47 0.0361418708473938
142.528 0.0358900823736839
142.586 0.0356409125204924
142.644 0.0353943251487334
142.702 0.0351502847398023
142.76 0.0349087563828526
142.818 0.0346697057623751
142.876 0.0344330991460725
142.934 0.0341989033730205
142.992 0.0339670858421074
143.05 0.0337376145007457
143.108 0.0335104578338494
143.166 0.0332855848530656
143.224 0.0330629650862595
143.282 0.0328425685672414
143.34 0.032624365825732
143.398 0.0324083278775589
143.456 0.032194426215077
143.514 0.03198263279781
143.572 0.0317729200433035
143.63 0.0315652608181878
143.688 0.0313596284294418
143.746 0.0311559966158555
143.804 0.030954339539684
143.862 0.0307546317784891
143.92 0.0305568483171632
143.978 0.0303609645401323
144.036 0.0301669562237303
144.094 0.0299747995287445
144.152 0.0297844709931245
144.21 0.029595947524852
144.268 0.029409206394968
144.326 0.0292242252307508
144.384 0.0290409820090451
144.442 0.028859455049735
144.5 0.0286796230093583
144.558 0.0285014648748599
144.616 0.0283249599574792
144.674 0.0281500878867691
144.732 0.0279768286047432
144.79 0.0278051623601477
144.848 0.0276350697028555
144.906 0.0274665314783803
144.964 0.0272995288225045
145.022 0.0271340431560232
145.08 0.0269700561795969
145.138 0.026807549868713
145.196 0.0266465064687528
145.254 0.026486908490161
145.312 0.0263287387037154
145.37 0.0261719801358961
145.428 0.0260166160643487
145.486 0.025862630013442
145.544 0.0257100057499167
145.602 0.0255587272786235
145.66 0.0254087788383486
145.718 0.0252601448977229
145.776 0.0251128101512161
145.834 0.0249667595152107
145.892 0.024821978124156
145.95 0.0246784513267988
146.008 0.024536164682491
146.066 0.0243951039575702
146.124 0.0242552551218126
146.182 0.0241166043449571
146.24 0.0239791379932984
146.298 0.0238428426263467
146.356 0.0237077049935544
146.414 0.0235737120311068
146.472 0.0234408508587758
146.53 0.0233091087768356
146.588 0.0231784732630378
146.646 0.0230489319696464
146.704 0.02292047272053
146.762 0.0227930835083099
146.82 0.0226667524915638
146.878 0.0225414679920833
146.936 0.0224172184921839
146.994 0.0222939926320672
147.052 0.0221717792072319
147.11 0.0220505671659359
147.168 0.0219303456067061
147.226 0.0218111037758945
147.284 0.0216928310652817
147.342 0.0215755170097251
147.4 0.021459151284851
147.458 0.0213437237047906
147.516 0.0212292242199578
147.574 0.0211156429148685
147.632 0.0210029700060012
147.69 0.0208911958396962
147.748 0.0207803108900944
147.806 0.0206703057571137
147.864 0.0205611711644635
147.922 0.0204528979576943
147.98 0.0203454771022842
148.038 0.0202388996817598
148.096 0.0201331568958516
148.154 0.0200282400586824
148.212 0.0199241405969891
148.27 0.0198208500483766
148.328 0.0197183600596029
148.386 0.0196166623848949
148.444 0.0195157488842952
148.502 0.0194156115220374
148.56 0.0193162423649514
148.618 0.0192176335808965
148.676 0.0191197774372224
148.734 0.0190226662992575
148.792 0.0189262926288243
148.85 0.0188306489827802
148.908 0.0187357280115845
148.966 0.0186415224578905
149.024 0.0185480251551621
149.082 0.0184552290263143
149.14 0.018363127082378
149.198 0.0182717124211875
149.256 0.0181809782260909
149.314 0.0180909177646824
149.372 0.0180015243875572
149.43 0.0179127915270873
149.488 0.0178247126962182
149.546 0.0177372814872865
149.604 0.0176504915708578
149.662 0.0175643366945835
149.72 0.0174788106820786
149.778 0.0173939074318166
149.836 0.017309620916045
149.894 0.0172259451797174
149.952 0.0171428743394448
150.01 0.0170604025824638
150.068 0.0169785241656225
150.126 0.0168972334143828
150.184 0.0168165247218401
150.242 0.0167363925477587
150.3 0.0166568314176231
150.358 0.0165778359217057
150.416 0.0164994007141494
150.474 0.0164215205120648
150.532 0.0163441900946438
150.59 0.0162674043022857
150.648 0.0161911580357394
150.706 0.0161154462552585
150.764 0.0160402639797703
150.822 0.015965606286059
150.88 0.0158914683079611
150.938 0.0158178452355746
150.996 0.0157447323144805
151.054 0.0156721248449772
151.112 0.0156000181813269
151.17 0.0155284077310141
151.228 0.0154572889540162
151.286 0.0153866573620853
151.344 0.0153165085180419
151.402 0.0152468380350797
151.46 0.0151776415760807
151.518 0.0151089148529425
151.576 0.0150406536259151
151.634 0.0149728537029482
151.692 0.0149055109390496
151.75 0.0148386212356524
151.808 0.0147721805399935
151.866 0.0147061848445002
151.924 0.0146406301861881
151.982 0.0145755126460666
152.04 0.0145108283485551
152.098 0.0144465734609072
152.156 0.0143827441926441
152.214 0.0143193367949973
152.272 0.0142563475603585
152.33 0.0141937728217396
152.388 0.0141316089522395
152.446 0.0140698523645199
152.504 0.0140084995102889
152.562 0.0139475468797921
152.62 0.0138869910013121
152.678 0.0138268284406746
152.736 0.0137670558007631
152.794 0.0137076697210398
152.852 0.0136486668770746
152.91 0.0135900439800805
152.968 0.0135317977764565
153.026 0.0134739250473367
153.084 0.0134164226081469
153.142 0.013359287308167
153.2 0.0133025160301004
153.258 0.0132461056896496
153.316 0.0131900532350982
153.374 0.0131343556468989
153.432 0.0130790099372677
153.49 0.0130240131497837
153.548 0.0129693623589954
153.606 0.0129150546700322
153.664 0.0128610872182219
153.722 0.0128074571687136
153.78 0.012754161716106
153.838 0.0127011980840813
153.896 0.0126485635250443
153.954 0.012596255319767
154.012 0.0125442707770375
154.07 0.0124926072333148
154.128 0.0124412620523882
154.186 0.0123902326250418
154.244 0.0123395163687233
154.302 0.012289110727218
154.36 0.0122390131703274
154.418 0.012189221193552
154.476 0.012139732317779
154.534 0.0120905440889742
154.592 0.0120416540778786
154.65 0.0119930598797084
154.708 0.0119447591138604
154.766 0.0118967494236207
154.824 0.0118490284758776
154.882 0.0118015939608389
154.94 0.0117544435917527
154.998 0.0117075751046323
155.056 0.0116609862579851
155.114 0.0116146748325447
155.172 0.0115686386310074
155.23 0.0115228754777718
155.288 0.0114773832186822
155.346 0.0114321597207757
155.404 0.0113872028720325
155.462 0.0113425105811295
155.52 0.0112980807771979
155.578 0.0112539114095835
155.636 0.0112100004476105
155.694 0.0111663458803483
155.752 0.011122945716382
155.81 0.0110797979835854
155.868 0.0110369007288975
155.926 0.0109942520181015
155.984 0.0109518499356076
156.042 0.0109096925842381
156.1 0.0108677780850152
156.158 0.0108261045769523
156.216 0.0107846702168477
156.274 0.0107434731790811
156.332 0.0107025116554128
156.39 0.0106617838547856
156.448 0.0106212880031293
156.506 0.0105810223431678
156.564 0.0105409851342288
156.622 0.010501174652056
156.68 0.0104615891886237
156.738 0.0104222270519539
156.796 0.0103830865659355
156.854 0.0103441660701468
156.912 0.010305463919679
156.97 0.0102669784849629
157.028 0.0102287081515979
157.086 0.0101906513201824
157.144 0.0101528064061475
157.202 0.0101151718395919
157.26 0.0100777460651196
157.318 0.0100405275416793
157.376 0.0100035147424058
157.434 0.00996670615446414
157.492 0.00993010027889483
157.55 0.00989369563046154
157.608 0.00985749073750077
157.666 0.00982148414177323
157.724 0.00978567439831728
157.782 0.00975006007530414
157.84 0.00971463975389497
157.898 0.0096794120280998
157.956 0.00964437550463811
158.014 0.00960952880280138
158.072 0.00957487055431716
158.13 0.00954039940321498
158.188 0.00950611400569392
158.246 0.00947201302999178
158.304 0.00943809515625603
158.362 0.00940435907641616
158.42 0.00937080349405781
158.478 0.00933742712429841
158.536 0.00930422869366427
158.594 0.00927120693996932
158.652 0.00923836061219532
158.71 0.00920568847037351
158.768 0.00917318928546777
158.826 0.00914086183925915
158.884 0.00910870492423187
158.942 0.00907671734346077
