101 0.0158077812724379
101.058 0.0158813387543012
101.116 0.0159554105519681
101.174 0.0160300014686041
101.232 0.0161051163635431
101.29 0.0161807601530769
101.348 0.0162569378112574
101.406 0.0163336543707132
101.464 0.0164109149234777
101.522 0.0164887246218329
101.58 0.0165670886791661
101.638 0.0166460123708408
101.696 0.0167255010350828
101.754 0.0168055600738803
101.812 0.0168861949538997
101.87 0.0169674112074165
101.928 0.0170492144332615
101.986 0.017131610297784
102.044 0.01721460453583
102.102 0.0172982029517379
102.16 0.0173824114203507
102.218 0.0174672358880456
102.276 0.0175526823737809
102.334 0.0176387569701612
102.392 0.0177254658445208
102.45 0.0178128152400251
102.508 0.0179008114767921
102.566 0.0179894609530322
102.624 0.0180787701462084
102.682 0.0181687456142165
102.74 0.0182593939965853
102.798 0.0183507220156992
102.856 0.01844273647804
102.914 0.0185354442754526
102.972 0.0186288523864317
103.03 0.0187229678774315
103.088 0.0188177979041982
103.146 0.0189133497131273
103.204 0.0190096306426431
103.262 0.0191066481246047
103.32 0.0192044096857355
103.378 0.0193029229490794
103.436 0.0194021956354824
103.494 0.0195022355651011
103.552 0.0196030506589388
103.61 0.0197046489404084
103.668 0.0198070385369249
103.726 0.0199102276815253
103.784 0.0200142247145195
103.842 0.0201190380851703
103.9 0.0202246763534048
103.958 0.0203311481915568
104.016 0.0204384623861414
104.074 0.0205466278396624
104.132 0.0206556535724532
104.19 0.0207655487245519
104.248 0.0208763225576107
104.306 0.0209879844568415
104.364 0.0211005439329981
104.422 0.0212140106243948
104.48 0.0213283942989633
104.538 0.0214437048563487
104.596 0.0215599523300447
104.654 0.0216771468895689
104.712 0.0217952988426809
104.77 0.0219144186376407
104.828 0.0220345168655117
104.886 0.0221556042625074
104.944 0.0222776917123826
105.002 0.0224007902488717
105.06 0.0225249110581734
105.118 0.0226500654814834
105.176 0.0227762650175767
105.234 0.0229035213254404
105.292 0.023031846226957
105.35 0.0231612517096409
105.408 0.023291749929429
105.466 0.0234233532135251
105.524 0.0235560740633016
105.582 0.023689925157258
105.64 0.0238249193540384
105.698 0.0239610696955092
105.756 0.0240983894098976
105.814 0.0242368919149941
105.872 0.0243765908214181
105.93 0.0245174999359503
105.988 0.0246596332649315
106.046 0.0248030050177311
106.104 0.0249476296102854
106.162 0.0250935216687084
106.22 0.0252406960329759
106.278 0.0253891677606861
106.336 0.025538952130896
106.394 0.0256900646480382
106.452 0.0258425210459181
106.51 0.0259963372917938
106.568 0.0261515295905413
106.626 0.0263081143889061
106.684 0.0264661083798442
106.742 0.0266255285069538
106.8 0.0267863919690004
106.858 0.0269487162245374
106.916 0.0271125189966244
106.974 0.0272778182776462
107.032 0.0274446323342333
107.09 0.0276129797122889
107.148 0.0277828792421224
107.206 0.0279543500436941
107.264 0.0281274115319724
107.322 0.0283020834224071
107.38 0.0284783857365212
107.438 0.0286563388076248
107.496 0.0288359632866532
107.554 0.0290172801481328
107.612 0.0292003106962785
107.67 0.029385076571225
107.728 0.0295715997553957
107.786 0.0297599025800134
107.844 0.0299500077317546
107.902 0.0301419382595539
107.96 0.0303357175815586
108.018 0.0305313694922414
108.076 0.0307289181696721
108.134 0.0309283881829537
108.192 0.0311298044998272
108.25 0.0313331924944494
108.308 0.0315385779553481
108.366 0.0317459870935589
108.424 0.0319554465509494
108.482 0.0321669834087346
108.54 0.0323806251961897
108.598 0.0325963998995641
108.656 0.0328143359712035
108.714 0.0330344623388844
108.772 0.0332568084153672
108.83 0.0334814041081739
108.888 0.0337082798295963
108.946 0.0339374665069404
109.004 0.0341689955930147
109.062 0.0344028990768674
109.12 0.0346392094947806
109.178 0.0348779599415277
109.236 0.0351191840819017
109.294 0.0353629161625221
109.352 0.035609191023927
109.41 0.0358580441129591
109.468 0.0361095114954547
109.526 0.0363636298692416
109.584 0.0366204365774576
109.642 0.0368799696221958
109.7 0.0371422676784887
109.758 0.0374073701086377
109.816 0.0376753169769005
109.874 0.037946149064545
109.932 0.0382199078852809
109.99 0.0384966357010789
110.048 0.0387763755383907
110.106 0.0390591712047783
110.164 0.0393450673059681
110.222 0.0396341092633387
110.28 0.0399263433318578
110.338 0.0402218166184794
110.396 0.040520577101017
110.454 0.0408226736475036
110.512 0.0411281560360571
110.57 0.0414370749752625
110.628 0.0417494821250881
110.686 0.042065430118352
110.744 0.0423849725827541
110.802 0.042708164163492
110.86 0.0430350605464783
110.918 0.0433657184821757
110.976 0.0437001958100726
111.034 0.044038551483815
111.092 0.0443808455970172
111.15 0.0447271394097712
111.208 0.0450774953758771
111.266 0.0454319771708172
111.324 0.0457906497204949
111.382 0.0461535792307667
111.44 0.046520833217787
111.498 0.0468924805391959
111.556 0.0472685914261735
111.614 0.0476492375163917
111.672 0.0480344918878874
111.73 0.0484244290938928
111.788 0.0488191251986473
111.846 0.0492186578142285
111.904 0.0496231061384312
111.962 0.0500325509937307
112.02 0.0504470748673655
112.078 0.0508667619525767
112.136 0.0512916981910405
112.194 0.0517219713165363
112.252 0.0521576708998882
112.31 0.0525988883952265
112.368 0.0530457171876084
112.426 0.0534982526420495
112.484 0.0539565921540083
112.542 0.0544208352013784
112.6 0.0548910833980342
112.658 0.0553674405489899
112.716 0.0558500127072202
112.774 0.0563389082322074
112.832 0.0568342378502678
112.89 0.0573361147167258
112.948 0.0578446544799959
113.006 0.0583599753476413
113.064 0.0588821981544803
113.122 0.0594114464328102
113.18 0.0599478464848265
113.238 0.0604915274573154
113.296 0.0610426214187009
113.354 0.0616012634385319
113.412 0.062167591669497
113.47 0.0627417474320609
113.528 0.0633238753018164
113.586 0.0639141231996524
113.644 0.064512642484843
113.702 0.0651195880511635
113.76 0.0657351184261498
113.818 0.0663593958736142
113.876 0.0669925864995449
113.934 0.0676348603615127
113.992 0.0682863915817218
114.05 0.0689473584638398
114.108 0.0696179436137554
114.166 0.0702983340644115
114.224 0.0709887214048749
114.282 0.0716893019138028
114.34 0.0724002766974826
114.398 0.0731218518326194
114.456 0.0738542385140634
114.514 0.0745976532076671
114.572 0.0753523178084825
114.63 0.076118459804506
114.688 0.076896312446199
114.746 0.0776861149220125
114.804 0.0784881125401649
114.862 0.0793025569169208
114.92 0.0801297061716457
114.978 0.0809698251289067
115.036 0.0818231855279194
115.094 0.0826900662396389
115.152 0.0835707534918206
115.21 0.0844655411023812
115.268 0.0853747307214135
115.326 0.0862986320822213
115.384 0.0872375632617584
115.442 0.0881918509508755
115.5 0.0891618307348
115.558 0.0901478473842895
115.616 0.0911502551579245
115.674 0.0921694181160291
115.732 0.0932057104467315
115.79 0.0942595168047027
115.848 0.0953312326631346
115.906 0.0964212646795522
115.964 0.0975300310760833
116.022 0.0986579620348387
116.08 0.0998055001090864
116.138 0.100973100650951
116.196 0.102161232256387
116.254 0.103370377228236
116.312 0.1046010320582
116.37 0.105853707928619
116.428 0.107128931234985
116.486 0.108427244130174
116.544 0.109749205091419
116.602 0.111095389511133
116.66 0.112466390312701
116.718 0.113862818592481
116.776 0.115285304289255
116.834 0.116734496882513
116.892 0.118211066120946
116.95 0.119715702782689
117.008 0.121249119468859
117.066 0.122812051432081
117.124 0.124405257441755
117.182 0.126029520687931
117.24 0.127685649725764
117.298 0.12937447946263
117.356 0.131096872190113
117.414 0.132853718663185
117.472 0.134645939229061
117.53 0.136474485008332
117.588 0.138340339131157
117.646 0.140244518031434
117.704 0.142188072802074
117.762 0.144172090614665
117.82 0.146197696207035
117.878 0.148266053442419
117.936 0.150378366944167
117.994 0.152535883810191
118.052 0.154739895411582
118.11 0.156991739280129
118.168 0.159292801089759
118.226 0.161644516737235
118.284 0.16404837452781
118.342 0.166505917471864
118.4 0.169018745698972
118.458 0.171588518996279
118.516 0.174216959478462
118.574 0.176905854397101
118.632 0.179657059097747
118.69 0.182472500133581
118.748 0.185354178545109
118.806 0.188304173316009
118.864 0.191324645015951
118.922 0.194417839641893
118.98 0.197586092670248
119.038 0.200831833333089
119.096 0.204157589132552
119.154 0.207565990608565
119.212 0.211059776376114
119.27 0.214641798449442
119.328 0.218315027871801
119.386 0.222082560670759
119.444 0.225947624160531
119.502 0.229913583614363
119.56 0.233983949331756
119.618 0.23816238412712
119.676 0.242452711268518
119.734 0.246858922897274
119.792 0.251385188961644
119.85 0.256035866700255
119.908 0.260815510713819
119.966 0.265728883666652
120.024 0.270780967662787
120.082 0.275976976345051
120.14 0.281322367769317
120.198 0.286822858110389
120.256 0.292484436260565
120.314 0.298313379386883
120.372 0.304316269518554
120.43 0.310500011241982
120.488 0.316871850587286
120.546 0.323439395197316
120.604 0.330210635877843
120.662 0.337193969636114
120.72 0.344398224324174
120.778 0.351832685013475
120.836 0.359507122238349
120.894 0.36743182225808
120.952 0.375617619500586
121.01 0.384075931365309
121.068 0.392818795578852
121.126 0.401858910314572
121.184 0.411209677306452
121.242 0.420885248208939
121.3 0.430900574477526
121.358 0.441271461070647
121.416 0.45201462430143
121.474 0.463147754199031
121.532 0.474689581773209
121.59 0.486659951613537
121.648 0.499079900295872
121.706 0.511971741114423
121.764 0.525359155707845
121.822 0.539267293203243
121.88 0.553722877562767
121.938 0.568754323884821
121.996 0.584391864485613
122.054 0.600667685668419
122.112 0.617616076177249
122.17 0.635273588430318
122.228 0.65367921373661
122.286 0.672874572817759
122.344 0.692904123087301
122.402 0.713815384281555
122.46 0.735659184191564
122.518 0.758489926414308
122.576 0.782365882224425
122.634 0.807349508865317
122.692 0.83350779677095
122.75 0.860912648456258
122.808 0.889641292053995
122.866 0.919776732727097
122.924 0.951408245445333
122.982 0.98463191287813
123.04 1.01955121241543
123.098 1.0562776565754
123.156 1.09493149127848
123.214 1.13564245664325
123.272 1.17855061506543
123.33 1.22380725134473
123.388 1.27157584947964
123.446 1.32203315040031
123.504 1.37537029427585
123.562 1.43179405001514
123.62 1.49152813304849
123.678 1.55481461025945
123.736 1.62191538781512
123.794 1.69311377333461
123.852 1.7687160979809
123.91 1.84905337620055
123.968 1.93448297039183
124.026 2.02539021402553
124.084 2.12218992877455
124.142 2.22532774791521
124.2 2.33528112830581
124.258 2.45255989502502
124.316 2.57770611442055
124.374 2.71129303080862
124.432 2.85392272720741
124.49 3.00622207919457
124.548 3.16883646164286
124.606 3.34242054016826
124.664 3.52762533416252
124.722 3.72508058133381
124.78 3.93537127548083
124.838 4.15900710907045
124.896 4.39638346170272
124.954 4.64773258309865
125.012 4.91306379443004
125.07 5.19209196863085
125.128 5.48415436650439
125.186 5.7881172337135
125.244 6.10227552936176
125.302 6.42425183450965
125.36 6.75090383382336
125.418 7.07825351807909
125.476 7.40145484748279
125.534 7.71481908895523
125.592 8.01191708134258
125.65 8.28577383125647
125.708 8.52916194498621
125.766 8.7349862723545
125.824 8.89673423448705
125.882 9.00894805583785
125.94 9.06766147616932
125.998 9.07073957193583
126.056 9.01806927804754
126.114 8.91156962413472
126.172 8.75501998960644
126.23 8.55373441211291
126.288 8.31413256504704
126.346 8.04326844915984
126.404 7.7483752121189
126.462 7.43647169750188
126.52 7.11405831927973
126.578 6.78691171337863
126.636 6.45997296748628
126.694 6.13731474282291
126.752 5.8221682411188
126.81 5.5169906538932
126.868 5.22355600657824
126.926 4.94305583330857
126.984 4.67619988944124
127.042 4.42331051615779
127.1 4.18440702760773
127.158 3.9592785327153
127.216 3.74754499639673
127.274 3.54870721075878
127.332 3.36218681920415
127.39 3.1873577352452
127.448 3.02357031996751
127.506 2.87016959965699
127.564 2.72650866859735
127.622 2.59195826469479
127.68 2.46591334785188
127.738 2.34779736440147
127.796 2.23706475099828
127.854 2.13320211998423
127.912 2.03572847503616
127.97 1.94419472933693
128.028 1.85818273653349
128.086 1.7773039951785
128.144 1.701198148114
128.202 1.62953136747179
128.26 1.56199469201208
128.318 1.49830236502476
128.376 1.43819020684825
128.434 1.38141404528977
128.492 1.32774821911881
128.55 1.27698416375372
128.608 1.228929083803
128.666 1.18340471388555
128.724 1.14024616684994
128.782 1.09930086691353
128.84 1.06042756417607
128.898 1.02349542629178
128.956 0.988383202707268
129.014 0.954978456707969
129.072 0.923176860505895
129.13 0.892881548697433
129.188 0.864002525590146
129.246 0.836456122113618
129.304 0.81016449827472
129.362 0.785055187376295
129.42 0.761060678481996
129.478 0.738118033869801
129.536 0.716168538469213
129.594 0.695157378518703
129.652 0.67503334690774
129.71 0.655748572881956
129.768 0.637258273989229
129.826 0.619520528328954
129.884 0.602496065337415
129.942 0.586148073498484
130 0.570442023512467
130.058 0.55534550558745
130.116 0.540828079637065
130.174 0.526861137278065
130.232 0.513417774620558
130.29 0.500472674934128
130.348 0.488002000355549
130.406 0.47598329187834
130.464 0.464395376932278
130.522 0.45321828392276
130.58 0.442433163155604
130.638 0.43202221362378
130.696 0.42196861517859
130.754 0.412256465649569
130.812 0.402870722515488
130.87 0.393797148763205
130.928 0.385022262602414
130.986 0.376533290732947
131.044 0.368318124886985
131.102 0.360365281392188
131.16 0.352663863523035
131.218 0.345203526427285
131.276 0.337974444432078
131.334 0.330967280550426
131.392 0.324173158023511
131.45 0.317583633747719
131.508 0.311190673447504
131.566 0.304986628466407
131.624 0.298964214058738
131.682 0.29311648907382
131.74 0.287436836933153
131.798 0.281918947808726
131.856 0.276556801917796
131.914 0.271344653856075
131.972 0.266277017897167
132.03 0.261348654191699
132.088 0.256554555804526
132.146 0.251889936533138
132.204 0.247350219454554
132.262 0.242931026151942
132.32 0.238628166575806
132.378 0.234437629497851
132.436 0.230355573518718
132.494 0.22637831859357
132.552 0.222502338042058
132.61 0.218724251011665
132.668 0.21504081536553
132.726 0.211448920967914
132.784 0.207945583342386
132.842 0.204527937679464
132.9 0.2011932331721
132.958 0.19793882765886
133.016 0.194762182555993
133.074 0.191660858060909
133.132 0.188632508610716
133.19 0.185674878580538
133.248 0.182785798207413
133.306 0.179963179726441
133.364 0.17720501370674
133.422 0.174509365575608
133.48 0.171874372319966
133.538 0.16929823935495
133.596 0.166779237550074
133.654 0.164315700404055
133.712 0.161906021359919
133.77 0.159548651252544
133.828 0.157242095881279
133.886 0.154984913700718
133.944 0.15277571362317
134.002 0.150613152926707
134.06 0.148495935263088
134.118 0.146422808760176
134.176 0.144392564213785
134.234 0.142404033364215
134.292 0.140456087252991
134.35 0.138547634655592
134.408 0.136677620586207
134.466 0.134845024870794
134.524 0.133048860784888
134.582 0.131288173752875
134.64 0.129562040105581
134.698 0.127869565893223
134.756 0.12620988575095
134.814 0.124582161814319
134.872 0.122985582682244
134.93 0.121419362425066
134.988 0.119882739635506
135.046 0.118374976520438
135.104 0.116895358031466
135.162 0.11544319103246
135.22 0.114017803502248
135.278 0.1126185437708
135.336 0.111244779787318
135.394 0.10989589841871
135.452 0.108571304777027
135.51 0.107270421574526
135.568 0.105992688505043
135.626 0.104737561650495
135.684 0.103504512911339
135.742 0.10229302945989
135.8 0.10110261321547
135.858 0.0999327803404052
135.916 0.0987830607559128
135.974 0.0976529976770131
136.032 0.0965421471656067
136.09 0.0954500777009166
136.148 0.0943763697665351
136.206 0.0933206154533394
136.264 0.0922824180775997
136.322 0.0912613918136052
136.38 0.0902571613401976
136.438 0.0892693615006056
136.496 0.0882976369750187
136.554 0.0873416419653595
136.612 0.0864010398917352
136.67 0.0854755031000843
136.728 0.0845647125805489
136.786 0.0836683576961215
136.844 0.0827861359211497
136.902 0.0819177525892874
136.96 0.0810629206505073
137.018 0.0802213604368075
137.076 0.0793927994362541
137.134 0.0785769720750303
137.192 0.077773619507168
137.25 0.0769824894116501
137.308 0.0762033357965995
137.366 0.0754359188102662
137.424 0.0746800045585502
137.482 0.0739353649288012
137.54 0.0732017774196498
137.598 0.0724790249766385
137.656 0.0717668958334285
137.714 0.071065183358362
137.772 0.0703736859061842
137.83 0.0696922066747205
137.888 0.0690205535663248
137.946 0.0683585390539198
138.004 0.0677059800514509
138.062 0.0670626977885961
138.12 0.0664285176895696
138.178 0.0658032692558647
138.236 0.0651867859527971
138.294 0.064578905099703
138.352 0.0639794677636616
138.41 0.0633883186566137
138.468 0.0628053060357492
138.526 0.0622302816070529
138.584 0.061663100431887
138.642 0.0611036208365081
138.7 0.0605517043244103
138.758 0.0600072154913957
138.816 0.0594700219432765
138.874 0.0589399942161135
138.932 0.0584170056989053
138.99 0.0579009325586427
139.048 0.0573916536676421
139.106 0.0568890505330844
139.164 0.05639300722868
139.222 0.0559034103283885
139.28 0.0554201488421233
139.338 0.0549431141533706
139.396 0.0544721999586623
139.454 0.0540073022088392
139.512 0.0535483190520398
139.57 0.0530951507783644
139.628 0.0526476997661531
139.686 0.0522058704298266
139.744 0.0517695691692379
139.802 0.0513387043204839
139.86 0.0509131861081309
139.918 0.0504929265988081
139.976 0.050077839656121
140.034 0.0496678408968469
140.092 0.0492628476483679
140.15 0.0488627789073024
140.208 0.0484675552992977
140.266 0.048077099039945
140.324 0.0476913338967825
140.382 0.0473101851523524
140.44 0.0469335795682767
140.498 0.0465614453503225
140.556 0.0461937121144235
140.614 0.0458303108536292
140.672 0.0454711739059538
140.73 0.0451162349230937
140.788 0.0447654288399911
140.846 0.0444186918452155
140.904 0.0440759613521374
140.962 0.0437371759708715
141.02 0.0434022754809665
141.078 0.043071200804817
141.136 0.0427438939817773
141.194 0.0424202981429549
141.252 0.042100357486666
141.31 0.0417840172545288
141.368 0.0414712237081802
141.426 0.0411619241065948
141.484 0.0408560666839889
141.542 0.040553600628294
141.6 0.0402544760601794
141.658 0.0399586440126128
141.716 0.0396660564109398
141.774 0.039376666053467
141.832 0.0390904265925379
141.89 0.0388072925160832
141.948 0.038527219129634
142.006 0.0382501625387859
142.064 0.0379760796320971
142.122 0.0377049280644132
142.18 0.0374366662406033
142.238 0.0371712532996968
142.296 0.0369086490994098
142.354 0.0366488142010505
142.412 0.036391709854792
142.47 0.0361372979853036
142.528 0.0358855411777299
142.586 0.0356364026640076
142.644 0.0353898463095132
142.702 0.0351458366000287
142.76 0.0349043386290199
142.818 0.0346653180852177
142.876 0.0344287412404932
142.934 0.034194574938021
142.992 0.0339627865807199
143.05 0.0337333441199661
143.108 0.033506216044571
143.166 0.0332813713700155
143.224 0.0330587796279349
143.282 0.032838410855848
143.34 0.0326202355871233
143.398 0.0324042248411766
143.456 0.0321903501138928
143.514 0.0319785833682682
143.572 0.0317688970252653
143.63 0.0315612639548758
143.688 0.0313556574673865
143.746 0.031152051304842
143.804 0.0309504196327004
143.862 0.0307507370316752
143.92 0.0305529784897611
143.978 0.0303571193944366
144.036 0.0301631355250409
144.094 0.0299710030453187
144.152 0.029780698496131
144.21 0.0295921987883254
144.268 0.0294054811957642
144.326 0.0292205233485034
144.384 0.0290373032261222
144.442 0.028855799151197
144.5 0.0286759897829167
144.558 0.0284978541108368
144.616 0.028321371448767
144.674 0.0281465214287916
144.732 0.0279732839954172
144.79 0.027801639399845
144.848 0.0276315681943661
144.906 0.0274630512268758
144.964 0.0272960696355026
145.022 0.0271306048433522
145.08 0.0269666385533616
145.138 0.0268041527432606
145.196 0.0266431296606398
145.254 0.0264835518181202
145.312 0.0263254019886243
145.37 0.0261686632007451
145.428 0.0260133187342098
145.486 0.0258593521154389
145.544 0.0257067471131946
145.602 0.0255554877343199
145.66 0.025405558219564
145.718 0.025256943039493
145.776 0.0251096268904836
145.834 0.0249635946907977
145.892 0.0248188315767374
145.95 0.0246753228988757
146.008 0.0245330542183647
146.066 0.0243920113033166
146.124 0.0242521801252569
146.182 0.0241135468556494
146.24 0.023976097862489
146.298 0.0238398197069624
146.356 0.0237046991401752
146.414 0.0235707230999425
146.472 0.0234378787076433
146.53 0.0233061532651367
146.588 0.0231755342517373
146.646 0.0230460093212502
146.704 0.022917566299064
146.762 0.0227901931792992
146.82 0.0226638781220119
146.878 0.0225386094504523
146.936 0.0224143756483742
146.994 0.022291165357398
147.052 0.0221689673744221
147.11 0.0220477706490852
147.168 0.021927564281276
147.226 0.0218083375186905
147.284 0.0216900797544349
147.342 0.0215727805246745
147.4 0.0214564295063261
147.458 0.0213410165147943
147.516 0.0212265315017491
147.574 0.0211129645529466
147.632 0.0210003058860883
147.69 0.0208885458487219
147.748 0.0207776749161796
147.806 0.0206676836895552
147.864 0.0205585628937183
147.922 0.0204503033753648
147.98 0.0203428961011031
148.038 0.0202363321555755
148.096 0.0201306027396136
148.154 0.0200256991684274
148.212 0.0199216128698269
148.27 0.0198183353824761
148.328 0.0197158583541787
148.386 0.019614173540194
148.444 0.0195132728015836
148.502 0.0194131481035875
148.56 0.0193137915140289
148.618 0.0192151952017481
148.676 0.0191173514350632
148.734 0.019020252580259
148.792 0.0189238911001022
148.85 0.0188282595523827
148.908 0.0187333505884805
148.966 0.0186391569519585
149.024 0.0185456714771784
149.082 0.0184528870879423
149.14 0.0183607967961569
149.198 0.0182693937005216
149.256 0.018178670985239
149.314 0.0180886219187473
149.372 0.0179992398524753
149.43 0.0179105182196184
149.488 0.0178224505339356
149.546 0.0177350303885669
149.604 0.0176482514548716
149.662 0.0175621074812855
149.72 0.017476592292198
149.778 0.0173916997868481
149.836 0.0173074239382393
149.894 0.0172237587920725
149.952 0.0171406984656967
150.01 0.0170582371470778
150.068 0.0169763690937846
150.126 0.016895088631991
150.184 0.0168143901554963
150.242 0.0167342681247598
150.3 0.0166547170659533
150.358 0.0165757315700283
150.416 0.0164973062917987
150.474 0.0164194359490383
150.532 0.0163421153215945
150.59 0.0162653392505144
150.648 0.0161891026371871
150.706 0.0161134004424991
150.764 0.0160382276860035
150.822 0.0159635794451024
150.88 0.0158894508542436
150.938 0.0158158371041293
150.996 0.0157427334409378
151.054 0.0156701351655577
151.112 0.0155980376328349
151.17 0.015526436250831
151.228 0.0154553264800936
151.286 0.015384703832939
151.344 0.0153145638727451
151.402 0.0152449022132569
151.46 0.0151757145179015
151.518 0.0151069964991155
151.576 0.0150387439176816
151.634 0.0149709525820766
151.692 0.0149036183478293
151.75 0.014836737116888
151.808 0.0147703048369991
151.866 0.0147043175010938
151.924 0.0146387711466858
151.982 0.0145736618552776
152.04 0.0145089857517756
152.098 0.0144447390039155
152.156 0.0143809178216954
152.214 0.0143175184568179
152.272 0.0142545372021413
152.33 0.0141919703911386
152.388 0.0141298143973649
152.446 0.0140680656339332
152.504 0.0140067205529981
152.562 0.0139457756452466
152.62 0.013885227439398
152.678 0.0138250725017104
152.736 0.0137653074354944
152.794 0.0137059288806353
152.852 0.0136469335131213
152.91 0.0135883180445792
152.968 0.0135300792218175
153.026 0.0134722138263755
153.084 0.0134147186740796
153.142 0.0133575906146065
153.2 0.0133008265310519
153.258 0.0132444233395066
153.316 0.0131883779886384
153.374 0.0131326874592802
153.432 0.0130773487640238
153.49 0.013022358946821
153.548 0.0129677150825883
153.606 0.0129134142768199
153.664 0.0128594536652041
153.722 0.0128058304132471
153.78 0.0127525417159008
153.838 0.0126995847971972
153.896 0.0126469569098872
153.954 0.012594655335085
154.012 0.0125426773819179
154.07 0.0124910203871803
154.128 0.0124396817149937
154.186 0.0123886587564708
154.244 0.0123379489293847
154.302 0.0122875496778427
154.36 0.0122374584719651
154.418 0.0121876728075679
154.476 0.0121381902058508
154.534 0.0120890082130888
154.592 0.0120401244003289
154.65 0.0119915363630904
154.708 0.0119432417210702
154.766 0.0118952381178512
154.824 0.011847523220616
154.882 0.0118000947198633
154.94 0.0117529503291296
154.998 0.0117060877847135
155.056 0.0116595048454049
155.114 0.0116131992922172
155.172 0.0115671689281237
155.23 0.0115214115777973
155.288 0.0114759250873538
155.346 0.0114307073240993
155.404 0.0113857561762801
155.462 0.0113410695528371
155.52 0.0112966453831624
155.578 0.0112524816168605
155.636 0.0112085762235115
155.694 0.0111649271924386
155.752 0.0111215325324778
155.81 0.0110783902717519
155.868 0.0110354984574459
155.926 0.0109928551555873
155.984 0.0109504584508277
156.042 0.0109083064462286
156.1 0.0108663972630494
156.158 0.0108247290405381
156.216 0.0107832999357257
156.274 0.0107421081232221
156.332 0.0107011517950158
156.39 0.0106604291602753
156.448 0.0106199384451545
156.506 0.0105796778925988
156.564 0.0105396457621558
156.622 0.0104998403297866
156.68 0.0104602598876809
156.738 0.0104209027440744
156.796 0.0103817672230674
156.854 0.0103428516644478
156.912 0.0103041544235143
156.97 0.0102656738709035
157.028 0.0102274083924183
157.086 0.0101893563888593
157.144 0.0101515162758573
157.202 0.0101138864837093
157.26 0.0100764654572156
157.318 0.0100392516555193
157.376 0.0100022435519482
157.434 0.00996543963385806
157.492 0.00992883840247872
157.55 0.00989243837276134
157.608 0.00985623807322822
157.666 0.00982023604582417
157.724 0.00978443084576996
157.782 0.00974882104141762
157.84 0.00971340521410742
157.898 0.00967818195802694
157.956 0.00964314988007159
158.014 0.00960830759970719
158.072 0.00957365374883406
158.13 0.00953918697165298
158.188 0.00950490592453271
158.246 0.00947080927587925
158.304 0.00943689570600675
158.362 0.00940316390700991
158.42 0.00936961258263809
158.478 0.009336240448171
158.536 0.0093030462302958
158.594 0.00927002866698587
158.652 0.00923718650738096
158.71 0.00920451851166894
158.768 0.00917202345096895
158.826 0.00913970010721593
158.884 0.00910754727304663
158.942 0.00907556375168711
