1 0.0910776290535357 0
1.09090909090909 0.165311966845699 0.0116540725408743
1.18181818181818 0.239546304637863 0.0300567212446726
1.27272727272727 0.313780642430027 0.0552079461113948
1.36363636363636 0.38801498022219 0.0871077471410411
1.45454545454545 0.462249318014354 0.125756124333611
1.54545454545455 0.536483655806517 0.171153077689105
1.63636363636364 0.610717993598681 0.223298607207523
1.72727272727273 0.684952331390845 0.282192712888866
1.81818181818182 0.759186669183008 0.347835394733132
1.90909090909091 0.833421006975172 0.420226652740322
2 0.907655344767335 0.499366486910436
2.09090909090909 0.898812518280971 0.58147866250354
2.18181818181818 0.889969691794605 0.662786944779703
2.27272727272727 0.881126865308241 0.743291333738923
2.36363636363636 0.872284038821876 0.822991829381201
2.45454545454545 0.863441212335511 0.901888431706537
2.54545454545455 0.854598385849146 0.97998114071493
2.63636363636364 0.845755559362781 1.05726995640638
2.72727272727273 0.836912732876416 1.13375487878089
2.81818181818182 0.828069906390051 1.20943590783846
2.90909090909091 0.819227079903686 1.28431304357908
3 0.810384253417321 1.35838628600276
3.09090909090909 0.775819104737772 1.43048643864618
3.18181818181818 0.741253956058223 1.49944430504599
3.27272727272727 0.706688807378674 1.56525988520222
3.36363636363636 0.672123658699126 1.62793317911484
3.45454545454545 0.637558510019577 1.68746418678388
3.54545454545455 0.602993361340028 1.74385290820931
3.63636363636364 0.56842821266048 1.79709934339115
3.72727272727273 0.533863063980931 1.8472034923294
3.81818181818182 0.499297915301382 1.89416535502405
3.90909090909091 0.464732766621833 1.93798493147511
4 0.430167617942285 1.97866222168257
4.09090909090909 0.469355576170562 2.01954963959679
4.18181818181818 0.50854353439884 2.06399959916812
4.27272727272727 0.547731492627118 2.11201210039658
4.36363636363636 0.586919450855395 2.16358714328214
4.45454545454546 0.626107409083673 2.21872472782483
4.54545454545454 0.665295367311951 2.27742485402463
4.63636363636364 0.704483325540229 2.33968752188155
4.72727272727273 0.743671283768506 2.40551273139558
4.81818181818182 0.782859241996784 2.47490048256673
4.90909090909091 0.822047200225062 2.547850775395
5 0.861235158453339 2.62436360988038
5.09090909090909 0.832474698192238 2.70135042154609
5.18181818181818 0.803714237931136 2.77572264591533
5.27272727272727 0.774953777670034 2.84748028298811
5.36363636363636 0.746193317408933 2.91662333276443
5.45454545454545 0.717432857147831 2.98315179524428
5.54545454545455 0.688672396886729 3.04706567042767
5.63636363636364 0.659911936625628 3.1083649583146
5.72727272727273 0.631151476364526 3.16704965890506
5.81818181818182 0.602391016103425 3.22311977219905
5.90909090909091 0.573630555842323 3.27657529819659
6 0.544870095581221 3.32741623689766
6.09090909090909 0.517037027967899 3.37568474251353
6.18181818181818 0.489203960354577 3.42142296925546
6.27272727272727 0.461370892741255 3.46463091712345
6.36363636363636 0.433537825127933 3.5053085861175
6.45454545454545 0.405704757514611 3.54345597623762
6.54545454545455 0.377871689901289 3.5790730874838
6.63636363636364 0.350038622287967 3.61215991985604
6.72727272727273 0.322205554674645 3.64271647335434
6.81818181818182 0.294372487061322 3.6707427479787
6.90909090909091 0.266539419448 3.69623874372912
7 0.238706351834678 3.71920446060561
7.09090909090909 0.24577230772611 3.74122621785837
7.18181818181818 0.252838263617541 3.76389033473763
7.27272727272727 0.259904219508973 3.78719681124338
7.36363636363636 0.266970175400405 3.81114564737562
7.45454545454545 0.274036131291836 3.83573684313436
7.54545454545455 0.281102087183268 3.86097039851959
7.63636363636364 0.2881680430747 3.88684631353132
7.72727272727273 0.295233998966131 3.91336458816954
7.81818181818182 0.302299954857563 3.94052522243425
7.90909090909091 0.309365910748995 3.96832821632546
8 0.316431866640426 3.99677356984316
8.09090909090909 0.31806402270338 4.02561429208606
8.18181818181818 0.319696178766334 4.05460339215287
8.27272727272727 0.321328334829288 4.08374087004358
8.36363636363636 0.322960490892242 4.11302672575819
8.45454545454545 0.324592646955196 4.14246095929671
8.54545454545455 0.32622480301815 4.17204357065914
8.63636363636364 0.327856959081104 4.20177455984547
8.72727272727273 0.329489115144058 4.2316539268557
8.81818181818182 0.331121271207012 4.26168167168984
8.90909090909091 0.332753427269965 4.29185779434788
9 0.334385583332919 4.32218229482983
9.09090909090909 0.321483276129798 4.3519945157145
9.18181818181818 0.308580968926677 4.38063379958071
9.27272727272727 0.295678661723556 4.40810014642844
9.36363636363636 0.282776354520435 4.43439355625772
9.45454545454546 0.269874047317314 4.45951402906852
9.54545454545454 0.256971740114193 4.48346156486086
9.63636363636364 0.244069432911072 4.50623616363474
9.72727272727273 0.231167125707951 4.52783782539015
9.81818181818182 0.21826481850483 4.54826655012709
9.90909090909091 0.205362511301709 4.56752233784557
10 0.192460204098588 4.58560518854559
