1 0.690461967461958 -0.101298605915591 0
1.09090909090909 0.681363831049525 -0.0976412897790804 0.0623531993013921
1.18181818181818 0.672930661207368 -0.0866693413695494 0.123904483420225
1.27272727272727 0.665827424505759 -0.0683827606869977 0.184744529616082
1.36363636363636 0.660719087514975 -0.0427815477314253 0.245024466654934
1.45454545454545 0.658270616805289 -0.00986570250283225 0.304955874809141
1.54545454545455 0.659146978946976 0.0303647749987814 0.364810785857452
1.63636363636364 0.66401314051031 0.0779098847734158 0.424921683085004
1.72727272727273 0.673534068065567 0.132769626821071 0.485681501283324
1.81818181818182 0.688374728183021 0.194944001141747 0.547543626750326
1.90909090909091 0.709200087432946 0.264433007735443 0.611021897290312
2 0.736675112385617 0.34123664660216 0.676690602213975
2.09090909090909 0.770884964543493 0.406221350503978 0.74517130495049
2.18181818181818 0.80959558513777 0.440253552202974 0.816987891780561
2.27272727272727 0.849993110331827 0.443333251699151 0.892421620569471
2.36363636363636 0.889263676289045 0.415460448992508 0.971497943379171
2.45454545454545 0.924593419172804 0.356635144083044 1.05398650646828
2.54545454545455 0.953168475146483 0.26685733697076 1.1394011502921
2.63636363636364 0.972174980373463 0.146127027655655 1.22699990950259
2.72727272727273 0.978799071017123 -0.00555578386227018 1.31578501294839
2.81818181818182 0.970226883240843 -0.188191097583015 1.4045028836748
2.90909090909091 0.943644553208004 -0.401778913506581 1.4916441389238
3 0.896238217081986 -0.646319231632966 1.57544359013404
3.09090909090909 0.826559300429199 -0.876757501662117 1.65391127224545
3.18181818181818 0.738620386428185 -1.04803917329398 1.72517376605001
3.27272727272727 0.637799347660515 -1.16016424652855 1.78781552054249
3.36363636363636 0.529474056707761 -1.21313272136583 1.8409098822251
3.45454545454545 0.419022386151495 -1.20694459780581 1.88401909510743
3.54545454545455 0.311822208573289 -1.14159987584851 1.91719430070652
3.63636363636364 0.213251396554714 -1.01709855549392 1.94097553804681
3.72727272727273 0.128687822677343 -0.833440636742038 1.95639174366014
3.81818181818182 0.0635093595227462 -0.590626119592863 1.9649607515858
3.90909090909091 0.0230938796724972 -0.2886550040464 1.96868929337047
4 0.012819255708167 0.0724727098973541 1.97007299806825
4.09090909090909 0.0361330527936536 0.429056877455153 1.97205252161754
4.18181818181818 0.0887616064221584 0.717397353843753 1.97753096998658
4.27272727272727 0.164500944669209 0.937494139063154 1.9888913223191
4.36363636363636 0.257147095610331 1.08934723311335 2.00795256031111
4.45454545454546 0.360496087321055 1.17295663599435 2.03596966821097
4.54545454545454 0.468343947876905 1.18832234770615 2.07363363281934
4.63636363636364 0.574486705353411 1.13544436824875 2.12107144348921
4.72727272727273 0.672720387826096 1.01432269762216 2.1778460921259
4.81818181818182 0.756841023370493 0.824957335826356 2.24295657318704
4.90909090909091 0.820644640062125 0.567348282861357 2.31483788368257
5 0.857927265976521 0.241495538727158 2.39136102317478
5.09090909090909 0.864344777266004 -0.091225910042009 2.46987526305272
5.18181818181818 0.842992442390074 -0.369441076911917 2.54767310855147
5.27272727272727 0.798825377885027 -0.593149961882566 2.62245526077125
5.36363636363636 0.736798700287161 -0.762352564953954 2.69237288595199
5.45454545454545 0.661867526132771 -0.877048886126082 2.75602761547326
5.54545454545455 0.578986971958153 -0.937238925398951 2.81247154585431
5.63636363636364 0.493112154299605 -0.942922682772558 2.86120723875402
5.72727272727273 0.409198189693423 -0.894100158246906 2.90218772097097
5.81818181818182 0.332200194675903 -0.790771351821994 2.93581648444339
5.90909090909091 0.267073285783341 -0.632936263497822 2.96294748624917
6 0.218772579552034 -0.420594893274389 2.98488514860585
6.09090909090909 0.190936977769337 -0.197182327866749 3.00335444489911
6.18181818181818 0.181940523226842 -0.00613365398995099 3.02017184599544
6.27272727272727 0.1888410439672 0.152551128356003 3.03691626655498
6.36363636363636 0.20869636803306 0.278872019171115 3.05489915105994
6.45454545454545 0.238564323467074 0.372829018455383 3.07516447381457
6.54545454545455 0.275502738311892 0.434422126208808 3.09848873894519
6.63636363636364 0.316569440610165 0.463651342431389 3.12538098040017
6.72727272727273 0.358822258404543 0.460516667123128 3.15608276194995
6.81818181818182 0.399319019737678 0.425018100284023 3.19056817718702
6.90909090909091 0.435117552652219 0.357155641914075 3.22854384952594
7 0.463275685190817 0.256929292013284 3.26944893220331
7.09090909090909 0.481567518476502 0.147976062234127 3.31247138721145
7.18181818181818 0.490632245953813 0.0539329642290829 3.35672705356848
7.27272727272727 0.491825334147672 -0.0252000020018488 3.4014387155884
7.36363636363636 0.486502249582996 -0.0894228364586682 3.44595238181477
7.45454545454545 0.476018458784705 -0.138735539141375 3.48973728502065
7.54545454545455 0.461729428277719 -0.17313811004997 3.53238588220869
7.63636363636364 0.444990624586956 -0.192630549184452 3.57361385461103
7.72727272727273 0.427157514237337 -0.197212856544821 3.61326010768938
7.81818181818182 0.40958556375378 -0.186885032131079 3.65128677113498
7.90909090909091 0.393630239661205 -0.161647075943223 3.68777919886859
8 0.380647008484531 -0.121498987981256 3.72294596904053
8.09090909090909 0.371632207064899 -0.0782920478098525 3.75711072199238
8.18181818181818 0.366145653508338 -0.043877534993689 3.79062237783606
8.27272727272727 0.3633880362371 -0.0182554495327662 3.82376535403285
8.36363636363636 0.362560043673434 -0.00142579142708431 3.85675140335515
8.45454545454545 0.362862364239592 0.00661143932335721 3.88971961388649
8.54545454545455 0.363495686357825 0.00585624271855817 3.9227364090215
8.63636363636364 0.363660698450383 -0.00369138124148133 3.95579554746593
8.72727272727273 0.362558088939518 -0.0220314325567612 3.98881812323662
8.81818181818182 0.35938854624748 -0.049163911227282 4.02165256566156
8.90909090909091 0.35335275879652 -0.0850888172530435 4.05407463937983
9 0.343651415008889 -0.129806150634045 4.08578744434164
9.09090909090909 0.329686071416984 -0.176687263735457 4.11642598099261
9.18181818181818 0.311661756993789 -0.219103508922448 4.14560736730135
9.27272727272727 0.289984368822431 -0.25705488619502 4.17298105578699
9.36363636363636 0.26505980398604 -0.290541395553171 4.19823339870346
9.45454545454546 0.237293959567746 -0.319563036996902 4.22108764803954
9.54545454545454 0.207092732650677 -0.344119810526213 4.24130395551884
9.63636363636364 0.174862020317962 -0.364211716141104 4.2586793725998
9.72727272727273 0.141007719652732 -0.379838753841574 4.27304785047567
9.81818181818182 0.105935727738113 -0.391000923627625 4.28428024007455
9.90909090909091 0.0700519416572367 -0.397698225499255 4.29228429205938
10 0.0337622584932308 -0.399930659456465 4.2970046568279
