1 0.760483351890223 -0.285046372612724 0
1.09090909090909 0.734640611486462 -0.282717688098669 0.0679585763762721
1.18181818181818 0.709221268267074 -0.275731634556506 0.133583850487974
1.27272727272727 0.684648719416434 -0.264088211986233 0.196933558314793
1.36363636363636 0.661346362118914 -0.24778742038785 0.258103926489541
1.45454545454545 0.639737593558888 -0.226829259761359 0.317229672298156
1.54545454545455 0.620245810920731 -0.201213730106759 0.374484003679699
1.63636363636364 0.603294411388814 -0.170940831424049 0.430078619226357
1.72727272727273 0.589306792147513 -0.13601056371323 0.484263708183441
1.81818181818182 0.5787063503812 -0.0964229269743016 0.537327950449389
1.90909090909091 0.571916483274249 -0.0521779212072643 0.589598516575761
2 0.569360588011034 -0.00327554641211786 0.641441067767245
2.09090909090909 0.571181187719066 0.0410153535346842 0.693253372380357
2.18181818181818 0.576397309298407 0.0714259347566885 0.745395087409235
2.27272727272727 0.583747105592258 0.087956197253895 0.798117539971416
2.36363636363636 0.591968729443818 0.0906061410263036 0.851557343806546
2.45454545454545 0.599800333696289 0.0793757660739144 0.905736399276381
2.54545454545455 0.605980071192869 0.0542650723967273 0.960561893364784
2.63636363636364 0.609246094776761 0.0152740599947421 1.01582629967773
2.72727272727273 0.608336557291162 -0.0375972711320407 1.0712073784433
2.81818181818182 0.601989611579274 -0.104348920983621 1.12626817651169
2.90909090909091 0.588943410484298 -0.18498088956 1.1804570273552
3 0.567936106849432 -0.279493176861176 1.23310755106823
3.09090909090909 0.538261649654987 -0.369544510362558 1.2834512860977
3.18181818181818 0.501437172429706 -0.436793617539554 1.3307566382773
3.27272727272727 0.459535604839443 -0.481240498392165 1.37446782986174
3.36363636363636 0.414629876550051 -0.502885152920389 1.41421753125722
3.45454545454545 0.368792917227384 -0.501727581124226 1.44982686102135
3.54545454545455 0.324097656537295 -0.477767783003678 1.48130538586319
3.63636363636364 0.282617024145636 -0.431005758558744 1.50885112064323
3.72727272727273 0.246423949718262 -0.361441507789423 1.53285052837343
3.81818181818182 0.217591362921025 -0.269075030695716 1.55387852021716
3.90909090909091 0.19819219341978 -0.153906327277624 1.57269845548925
4 0.190299370880378 -0.0159353975351451 1.59026214165597
4.09090909090909 0.195174028142575 0.11804846327046 1.60769138440715
4.18181818181818 0.210830110741731 0.221255959877934 1.62607503844968
4.27272727272727 0.234469767387105 0.293687092287276 1.64626605830098
4.36363636363636 0.263295146787958 0.335341860498484 1.66886304836114
4.45454545454546 0.294508397653553 0.346220264511561 1.69421026291288
4.54545454545454 0.325311668693147 0.326322304326506 1.7223976061216
4.63636363636364 0.352907108616004 0.275647979943317 1.75326063203536
4.72727272727273 0.374496866131383 0.194197291361998 1.78638054458489
4.81818181818182 0.387283089948545 0.0819702385825447 1.82108419758355
4.90909090909091 0.388467928776751 -0.0610331783950395 1.85644409472738
5 0.375253531325261 -0.234812959570756 1.89127838959509
5.09090909090909 0.345992851121055 -0.401392545959876 1.92417704030297
5.18181818181818 0.30364206096199 -0.52279537857767 1.95378951070938
5.27272727272727 0.252308138463641 -0.599021457424138 1.97911247161911
5.36363636363636 0.196098061241581 -0.630070782499279 1.99951595543841
5.45454545454545 0.139118806911388 -0.615943353803094 2.01474335617491
5.54545454545455 0.0854773530886343 -0.556639171335583 2.02491142943768
5.63636363636364 0.0392806773888973 -0.452158235096745 2.03051029243718
5.72727272727273 0.00463575742775124 -0.302500545086581 2.03240342398531
5.81818181818182 -0.0143504291792287 -0.107666101305092 2.03182766449538
5.90909090909091 -0.0135709048164677 0.132345096247724 2.03039321598211
6 0.0110813081316097 0.417533047571867 2.03008364206164
6.09090909090909 0.0621749413770369 0.697135637850463 2.03322090781735
6.18181818181818 0.136125743017681 0.920390752266642 2.04208081832399
6.27272727272727 0.227811215247868 1.0872983908204 2.05850845717176
6.36363636363636 0.332108860261923 1.19785855351175 2.0838832263322
6.45454545454545 0.443896180254173 1.25207124034067 2.11911884615812
6.54545454545455 0.558050677418943 1.24993645130718 2.16466335538364
6.63636363636364 0.669449853950558 1.19145418641127 2.22049911112419
6.72727272727273 0.772971212043343 1.07662444565294 2.28614278887651
6.81818181818182 0.863492253891625 0.905447229032198 2.3606453825186
6.90909090909091 0.93589048168973 0.677922536549036 2.44259220430983
7 0.985043397631982 0.394050368203455 2.5301028848908
7.09090909090909 1.00735519986745 0.104211690501897 2.62086607091881
7.18181818181818 1.00533687036416 -0.141212530049195 2.71252109905644
7.27272727272727 0.983026087044882 -0.342222293449823 2.80303966996029
7.36363636363636 0.944460527832388 -0.498817599699986 2.89076054591632
7.45454545454545 0.893677870649444 -0.610998448799684 2.9743895508398
7.54545454545455 0.834715793418822 -0.678764840748918 3.05299957027538
7.63636363636364 0.771611974063291 -0.702116775547687 3.12603055139702
7.72727272727273 0.708404090505621 -0.681054253195991 3.19328950300803
7.81818181818182 0.64912982066858 -0.615577273693831 3.25495049554109
7.90909090909091 0.597826842474938 -0.505685837041206 3.31155466105818
8 0.558532833847466 -0.351379943238116 3.36401019325066
8.09090909090909 0.534189430945644 -0.188828970473057 3.41356743739913
8.18181818181818 0.523354102875803 -0.0542022969345174 3.46154487993265
8.27272727272727 0.523488276980988 0.0525000773774994 3.50905513798791
8.36363636363636 0.532053380604241 0.131278152462992 3.55698004936914
8.45454545454545 0.546510841088607 0.182131928321963 3.60597067254811
8.54545454545455 0.564322085777128 0.205061404954412 3.65644728666416
8.63636363636364 0.582948542012848 0.200066582360338 3.70859939152417
8.72727272727273 0.59985163713881 0.167147460539742 3.76238570760256
8.81818181818182 0.612492798498058 0.106304039492622 3.81753417604133
8.90909090909091 0.618333453433635 0.0175363192189797 3.87354195864998
9 0.614835029288584 -0.0991557002811829 3.9296754379056
9.09090909090909 0.600062013269042 -0.223871043525817 3.98498392285881
9.18181818181818 0.574491132033514 -0.336708735032864 4.03845041409949
9.27272727272727 0.539202172103599 -0.43766877480233 4.08914236872264
9.36363636363636 0.495274920000896 -0.52675116283421 4.1362254062343
9.45454545454546 0.443789162247003 -0.603955899128507 4.17896330855156
9.54545454545454 0.385824685363519 -0.669282983685219 4.21671802000256
9.63636363636364 0.322461275872041 -0.722732416504348 4.2489496473265
9.72727272727273 0.254778720294171 -0.764304197585892 4.27521645967364
9.81818181818182 0.183856805151503 -0.793998326929852 4.2951748886053
9.90909090909091 0.110775316965639 -0.811814804536228 4.30857952809382
10 0.0366140422581761 -0.81775363040502 4.31528313452264
