1 0.501194931800102 0
1.09090909090909 0.520249212487632 0.0464292792858061
1.18181818181818 0.539303493175162 0.0945907659068422
1.27272727272727 0.558357773862692 0.144484459863108
1.36363636363636 0.577412054550222 0.196110361154604
1.45454545454545 0.596466335237751 0.24946846978133
1.54545454545455 0.615520615925281 0.304558785743286
1.63636363636364 0.634574896612811 0.361381309040472
1.72727272727273 0.653629177300341 0.419936039672888
1.81818181818182 0.672683457987871 0.480222977640535
1.90909090909091 0.6917377386754 0.54224212294341
2 0.71079201936293 0.605993475581516
2.09090909090909 0.729893150317264 0.671479165112434
2.18181818181818 0.748994281271597 0.738701321093746
2.27272727272727 0.76809541222593 0.807659943525452
2.36363636363636 0.787196543180264 0.878355032407551
2.45454545454545 0.806297674134597 0.950786587740045
2.54545454545455 0.82539880508893 1.02495460952293
2.63636363636364 0.844499936043264 1.10085909775621
2.72727272727273 0.863601066997597 1.17850005243989
2.81818181818182 0.88270219795193 1.25787747357396
2.90909090909091 0.901803328906264 1.33899136115842
3 0.920904459860597 1.42184171519328
3.09090909090909 0.880462699217768 1.50372204060593
3.18181818181818 0.840020938574939 1.58192584232378
3.27272727272727 0.79957917793211 1.65645312034683
3.36363636363636 0.759137417289281 1.72730387467508
3.45454545454545 0.718695656646452 1.79447810530852
3.54545454545455 0.678253896003623 1.85797581224716
3.63636363636364 0.637812135360794 1.91779699549099
3.72727272727273 0.597370374717965 1.97394165504003
3.81818181818182 0.556928614075135 2.02640979089426
3.90909090909091 0.516486853432306 2.07520140305369
4 0.476045092789477 2.12031649151832
4.09090909090909 0.467106402307163 2.16318701402271
4.18181818181818 0.458167711824849 2.20524492830144
4.27272727272727 0.449229021342536 2.2464902343545
4.36363636363636 0.440290330860222 2.2869229321819
4.45454545454546 0.431351640377908 2.32654302178363
4.54545454545454 0.422412949895594 2.3653505031597
4.63636363636364 0.41347425941328 2.4033453763101
4.72727272727273 0.404535568930966 2.44052764123484
4.81818181818182 0.395596878448652 2.47689729793392
4.90909090909091 0.386658187966338 2.51245434640732
5 0.377719497484024 2.54719878665507
5.09090909090909 0.410601024453131 2.58303153765221
5.18181818181818 0.443482551422237 2.62185351837382
5.27272727272727 0.476364078391343 2.66366472881989
5.36363636363636 0.50924560536045 2.70846516899043
5.45454545454545 0.542127132329556 2.75625483888543
5.54545454545455 0.575008659298663 2.80703373850489
5.63636363636364 0.607890186267769 2.86080186784882
5.72727272727273 0.640771713236876 2.91755922691721
5.81818181818182 0.673653240205982 2.97730581571007
5.90909090909091 0.706534767175088 3.04004163422739
6 0.739416294144195 3.10576668246918
6.09090909090909 0.728846873199792 3.17250591734845
6.18181818181818 0.71827745225539 3.23828429577823
6.27272727272727 0.707708031310987 3.30310181775852
6.36363636363636 0.697138610366585 3.36695848328932
6.45454545454545 0.686569189422182 3.42985429237063
6.54545454545455 0.67599976847778 3.49178924500244
6.63636363636364 0.665430347533377 3.55276334118477
6.72727272727273 0.654860926588975 3.6127765809176
6.81818181818182 0.644291505644572 3.67182896420095
6.90909090909091 0.63372208470017 3.7299204910348
7 0.623152663755767 3.78705116141916
7.09090909090909 0.589154132662201 3.84215601580179
7.18181818181818 0.555155601568635 3.89417009463047
7.27272727272727 0.521157070475069 3.94309339790518
7.36363636363636 0.487158539381503 3.98892592562594
7.45454545454545 0.453160008287936 4.03166767779273
7.54545454545455 0.41916147719437 4.07131865440556
7.63636363636364 0.385162946100803 4.10787885546443
7.72727272727273 0.351164415007237 4.14134828096934
7.81818181818182 0.317165883913671 4.17172693092029
7.90909090909091 0.283167352820105 4.19901480531728
8 0.249168821726539 4.22321190416031
8.09090909090909 0.234201046027591 4.2451832617855
8.18181818181818 0.219233270328643 4.26579391252896
8.27272727272727 0.204265494629695 4.28504385639071
8.36363636363636 0.189297718930747 4.30293309337073
8.45454545454545 0.174329943231799 4.31946162346903
8.54545454545455 0.159362167532851 4.3346294466856
8.63636363636364 0.144394391833903 4.34843656302045
8.72727272727273 0.129426616134956 4.36088297247358
8.81818181818182 0.114458840436008 4.37196867504499
8.90909090909091 0.0994910647370598 4.38169367073468
9 0.084523289038112 4.39005795954264
9.09090909090909 0.131572413488855 4.39988049147568
9.18181818181818 0.178621537939596 4.41398021654061
9.27272727272727 0.225670662390339 4.43235713473743
9.36363636363636 0.27271978684108 4.45501124606613
9.45454545454546 0.319768911291822 4.48194255052671
9.54545454545454 0.366818035742564 4.51315104811918
9.63636363636364 0.413867160193306 4.54863673884354
9.72727272727273 0.460916284644048 4.58839962269979
9.81818181818182 0.50796540909479 4.63243969968792
9.90909090909091 0.555014533545532 4.68075696980793
10 0.602063657996274 4.73335143305983
