1 0.566685084983094 0
1.09090909090909 0.546941488643277 0.0506193897102895
1.18181818181818 0.527197892303459 0.0994439070260503
1.27272727272727 0.507454295963642 0.146473551947282
1.36363636363636 0.487710699623824 0.191708324473985
1.45454545454545 0.467967103284006 0.235148224606159
1.54545454545455 0.448223506944189 0.276793252343804
1.63636363636364 0.428479910604371 0.316643407686921
1.72727272727273 0.408736314264554 0.354698690635508
1.81818181818182 0.388992717924736 0.390959101189567
1.90909090909091 0.369249121584919 0.425424639349097
2 0.349505525245101 0.458095305114098
2.09090909090909 0.366648800968833 0.490647774487458
2.18181818181818 0.383792076692566 0.524758723472067
2.27272727272727 0.400935352416298 0.560428152067925
2.36363636363636 0.41807862814003 0.59765606027503
2.45454545454545 0.435221903863763 0.636442448093385
2.54545454545455 0.452365179587495 0.676787315522987
2.63636363636364 0.469508455311227 0.718690662563839
2.72727272727273 0.48665173103496 0.762152489215938
2.81818181818182 0.503795006758692 0.807172795479286
2.90909090909091 0.520938282482424 0.853751581353882
3 0.538081558206157 0.901888846839726
3.09090909090909 0.566763112966411 0.952109059165752
3.18181818181818 0.595444667726666 1.00493668556089
3.27272727272727 0.624126222486921 1.06037172602515
3.36363636363636 0.652807777247175 1.11841418055851
3.45454545454545 0.68148933200743 1.179064049161
3.54545454545455 0.710170886767684 1.24232133183259
3.63636363636364 0.738852441527939 1.3081860285733
3.72727272727273 0.767533996288194 1.37665813938313
3.81818181818182 0.796215551048448 1.44773766426206
3.90909090909091 0.824897105808703 1.52142460321012
4 0.853578660568957 1.59771895622728
4.09090909090909 0.803369459858548 1.67303477988308
4.18181818181818 0.753160259148138 1.74378613074702
4.27272727272727 0.702951058437728 1.8099730088191
4.36363636363636 0.652741857727319 1.87159541409933
4.45454545454546 0.602532657016909 1.92865334658771
4.54545454545454 0.5523234563065 1.98114680628423
4.63636363636364 0.50211425559609 2.02907579318889
4.72727272727273 0.451905054885681 2.0724403073017
4.81818181818182 0.401695854175271 2.11124034862265
4.90909090909091 0.351486653464861 2.14547591715175
5 0.301277452754452 2.17514701288899
5.09090909090909 0.335453013072044 2.20408930679019
5.18181818181818 0.369628573389636 2.23613846981118
5.27272727272727 0.403804133707227 2.27129450195194
5.36363636363636 0.437979694024819 2.30955740321249
5.45454545454545 0.472155254342411 2.35092717359282
5.54545454545455 0.506330814660004 2.39540381309293
5.63636363636364 0.540506374977596 2.44298732171282
5.72727272727273 0.574681935295188 2.49367769945249
5.81818181818182 0.60885749561278 2.54747494631195
5.90909090909091 0.643033055930372 2.60437906229118
6 0.677208616247963 2.6643900473902
6.09090909090909 0.686342525488518 2.72636964474185
6.18181818181818 0.695476434729072 2.78917959747902
6.27272727272727 0.704610343969627 2.85281990560169
6.36363636363636 0.713744253210181 2.91729056910986
6.45454545454545 0.722878162450735 2.98259158800354
6.54545454545455 0.73201207169129 3.04872296228272
6.63636363636364 0.741145980931844 3.11568469194741
6.72727272727273 0.750279890172398 3.1834767769976
6.81818181818182 0.759413799412953 3.2520992174333
6.90909090909091 0.768547708653507 3.3215520132545
7 0.777681617894062 3.39183516446121
7.09090909090909 0.749081238098438 3.46123347609723
7.18181818181818 0.720480858302814 3.52803175320638
7.27272727272727 0.691880478507191 3.59222999578865
7.36363636363636 0.663280098711567 3.65382820384405
7.45454545454545 0.634679718915944 3.71282637737257
7.54545454545455 0.60607933912032 3.76922451637422
7.63636363636364 0.577478959324696 3.823022620849
7.72727272727273 0.548878579529073 3.87422069079689
7.81818181818182 0.520278199733449 3.92281872621792
7.90909090909091 0.491677819937825 3.96881672711207
8 0.463077440142202 4.01221469347934
8.09090909090909 0.46675040052756 4.05447959532797
8.18181818181818 0.470423360912919 4.09707840266617
8.27272727272727 0.474096321298278 4.14001111549395
8.36363636363636 0.477769281683636 4.18327773381131
8.45454545454545 0.481442242068995 4.22687825761825
8.54545454545455 0.485115202454353 4.27081268691476
8.63636363636364 0.488788162839712 4.31508102170086
8.72727272727273 0.492461123225071 4.35968326197653
8.81818181818182 0.496134083610429 4.40461940774178
8.90909090909091 0.499807043995788 4.44988945899661
9 0.503480004381146 4.49549341574101
9.09090909090909 0.540823103434536 4.54296173882355
9.18181818181818 0.578166202487925 4.59382488909275
9.27272727272727 0.615509301541314 4.64808286654862
9.36363636363636 0.652852400594703 4.70573567119117
9.45454545454546 0.690195499648093 4.76678330302039
9.54545454545454 0.727538598701482 4.83122576203628
9.63636363636364 0.764881697754871 4.89906304823884
9.72727272727273 0.80222479680826 4.97029516162807
9.81818181818182 0.839567895861649 5.04492210220398
9.90909090909091 0.876910994915038 5.12294386996655
10 0.914254093968428 5.2043604649158
