1 1 1 1
1.04040404040404 1 1.04040404040404 1.08244056728905
1.08080808080808 1 1.08080808080808 1.16814610754005
1.12121212121212 1 1.12121212121212 1.25711662075298
1.16161616161616 1 1.16161616161616 1.34935210692786
1.2020202020202 1 1.2020202020202 1.44485256606469
1.24242424242424 1 1.24242424242424 1.54361799816345
1.28282828282828 1 1.28282828282828 1.64564840322416
1.32323232323232 1 1.32323232323232 1.75094378124681
1.36363636363636 1 1.36363636363636 1.85950413223141
1.4040404040404 1 1.4040404040404 1.97132945617794
1.44444444444444 1 1.44444444444444 2.08641975308642
1.48484848484848 1 1.48484848484848 2.20477502295684
1.52525252525253 1 1.52525252525253 2.32639526578921
1.56565656565657 1 1.56565656565657 2.45128048158351
1.60606060606061 1 1.60606060606061 2.57943067033976
1.64646464646465 1 1.64646464646465 2.71084583205795
1.68686868686869 1 1.68686868686869 2.84552596673809
1.72727272727273 1 1.72727272727273 2.98347107438017
1.76767676767677 1 1.76767676767677 3.12468115498419
1.80808080808081 1 1.80808080808081 3.26915620855015
1.84848484848485 1 1.84848484848485 3.41689623507805
1.88888888888889 1 1.88888888888889 3.5679012345679
1.92929292929293 1 1.92929292929293 3.72217120701969
1.96969696969697 1 1.96969696969697 3.87970615243343
2.01010101010101 1 2.01010101010101 4.0405060708091
2.05050505050505 1 2.05050505050505 4.20457096214672
2.09090909090909 1 2.09090909090909 4.37190082644628
2.13131313131313 1 2.13131313131313 4.54249566370779
2.17171717171717 1 2.17171717171717 4.71635547393123
2.21212121212121 1 2.21212121212121 4.89348025711662
2.25252525252525 1 2.25252525252525 5.07387001326395
2.29292929292929 1 2.29292929292929 5.25752474237323
2.33333333333333 1 2.33333333333333 5.44444444444444
2.37373737373737 1 2.37373737373737 5.6346291194776
2.41414141414141 1 2.41414141414141 5.82807876747271
2.45454545454545 1 2.45454545454545 6.02479338842975
2.49494949494949 1 2.49494949494949 6.22477298234874
2.53535353535354 1 2.53535353535354 6.42801754922967
2.57575757575758 1 2.57575757575758 6.63452708907254
2.61616161616162 1 2.61616161616162 6.84430160187736
2.65656565656566 1 2.65656565656566 7.05734108764412
2.6969696969697 1 2.6969696969697 7.27364554637282
2.73737373737374 1 2.73737373737374 7.49321497806346
2.77777777777778 1 2.77777777777778 7.71604938271605
2.81818181818182 1 2.81818181818182 7.94214876033058
2.85858585858586 1 2.85858585858586 8.17151311090705
2.8989898989899 1 2.8989898989899 8.40414243444546
2.93939393939394 1 2.93939393939394 8.64003673094582
2.97979797979798 1 2.97979797979798 8.87919600040812
3.02020202020202 1 3.02020202020202 9.12162024283236
3.06060606060606 1 3.06060606060606 9.36730945821855
3.1010101010101 1 3.1010101010101 9.61626364656668
3.14141414141414 1 3.14141414141414 9.86848280787675
3.18181818181818 1 3.18181818181818 10.1239669421488
3.22222222222222 1 3.22222222222222 10.3827160493827
3.26262626262626 1 3.26262626262626 10.6447301295786
3.3030303030303 1 3.3030303030303 10.9100091827365
3.34343434343434 1 3.34343434343434 11.1785532088562
3.38383838383838 1 3.38383838383838 11.450362207938
3.42424242424242 1 3.42424242424242 11.7254361799816
3.46464646464646 1 3.46464646464646 12.0037751249872
3.50505050505051 1 3.50505050505051 12.2853790429548
3.54545454545455 1 3.54545454545455 12.5702479338843
3.58585858585859 1 3.58585858585859 12.8583817977757
3.62626262626263 1 3.62626262626263 13.1497806346291
3.66666666666667 1 3.66666666666667 13.4444444444444
3.70707070707071 1 3.70707070707071 13.7423732272217
3.74747474747475 1 3.74747474747475 14.0435669829609
3.78787878787879 1 3.78787878787879 14.3480257116621
3.82828282828283 1 3.82828282828283 14.6557494133252
3.86868686868687 1 3.86868686868687 14.9667380879502
3.90909090909091 1 3.90909090909091 15.2809917355372
3.94949494949495 1 3.94949494949495 15.5985103560861
3.98989898989899 1 3.98989898989899 15.919293949597
4.03030303030303 1 4.03030303030303 16.2433425160698
4.07070707070707 1 4.07070707070707 16.5706560555045
4.11111111111111 1 4.11111111111111 16.9012345679012
4.15151515151515 1 4.15151515151515 17.2350780532599
4.19191919191919 1 4.19191919191919 17.5721865115805
4.23232323232323 1 4.23232323232323 17.912559942863
4.27272727272727 1 4.27272727272727 18.2561983471074
4.31313131313131 1 4.31313131313131 18.6031017243138
4.35353535353535 1 4.35353535353535 18.9532700744822
4.39393939393939 1 4.39393939393939 19.3067033976125
4.43434343434343 1 4.43434343434343 19.6634016937047
4.47474747474747 1 4.47474747474747 20.0233649627589
4.51515151515152 1 4.51515151515152 20.386593204775
4.55555555555556 1 4.55555555555556 20.7530864197531
4.5959595959596 1 4.5959595959596 21.1228446076931
4.63636363636364 1 4.63636363636364 21.495867768595
4.67676767676768 1 4.67676767676768 21.8721559024589
4.71717171717172 1 4.71717171717172 22.2517090092848
4.75757575757576 1 4.75757575757576 22.6345270890725
4.7979797979798 1 4.7979797979798 23.0206101418223
4.83838383838384 1 4.83838383838384 23.4099581675339
4.87878787878788 1 4.87878787878788 23.8025711662075
4.91919191919192 1 4.91919191919192 24.1984491378431
4.95959595959596 1 4.95959595959596 24.5975920824406
5 1 5 25
