101 0.0158312049945762
101.058 0.0159048708270013
101.116 0.0159790517275834
101.174 0.0160537525064584
101.232 0.0161289780300116
101.29 0.0162047332216678
101.348 0.0162810230626954
101.406 0.0163578525930229
101.464 0.01643522691207
101.522 0.0165131511795909
101.58 0.016591630616533
101.638 0.0166706705059092
101.696 0.0167502761936848
101.754 0.0168304530896791
101.812 0.0169112066684825
101.87 0.0169925424703888
101.928 0.0170744661023426
101.986 0.0171569832389037
102.044 0.0172400996232274
102.102 0.0173238210680607
102.16 0.0174081534567564
102.218 0.0174931027443043
102.276 0.0175786749583794
102.334 0.0176648762004086
102.392 0.0177517126466553
102.45 0.0178391905493234
102.508 0.0179273162376791
102.566 0.0180160961191933
102.624 0.0181055366807028
102.682 0.0181956444895926
102.74 0.0182864261949977
102.798 0.0183778885290271
102.856 0.0184700383080081
102.914 0.0185628824337528
102.972 0.0186564278948475
103.03 0.0187506817679637
103.088 0.0188456512191929
103.146 0.0189413435054054
103.204 0.019037765975632
103.262 0.019134926072472
103.32 0.0192328313335247
103.378 0.0193314893928475
103.436 0.0194309079824397
103.494 0.0195310949337533
103.552 0.0196320581792311
103.61 0.0197338057538718
103.668 0.0198363457968245
103.726 0.0199396865530115
103.784 0.0200438363747812
103.842 0.0201488037235901
103.9 0.0202545971717174
103.958 0.0203612254040091
104.016 0.0204686972196555
104.074 0.0205770215340013
104.132 0.0206862073803887
104.19 0.0207962639120351
104.248 0.0209072004039457
104.306 0.0210190262548615
104.364 0.0211317509892442
104.422 0.0212453842592977
104.48 0.0213599358470284
104.538 0.0214754156663431
104.596 0.0215918337651882
104.654 0.0217092003277276
104.712 0.021827525676564
104.77 0.0219468202750002
104.828 0.0220670947293461
104.886 0.0221883597912676
104.944 0.0223106263601822
105.002 0.0224339054857
105.06 0.0225582083701122
105.118 0.0226835463709274
105.176 0.0228099310034574
105.234 0.0229373739434535
105.292 0.0230658870297941
105.35 0.0231954822672244
105.408 0.0233261718291515
105.466 0.0234579680604921
105.524 0.023590883480579
105.582 0.0237249307861233
105.64 0.0238601228542363
105.698 0.023996472745511
105.756 0.024133993707166
105.814 0.0242726991762514
105.872 0.0244126027829197
105.93 0.0245537183537625
105.988 0.024696059915214
106.046 0.0248396416970249
106.104 0.0249844781358046
106.162 0.0251305838786382
106.22 0.025277973786775
106.278 0.0254266629393943
106.336 0.0255766666374477
106.394 0.0257280004075809
106.452 0.0258806800061363
106.51 0.0260347214232395
106.568 0.0261901408869689
106.626 0.0263469548676147
106.684 0.0265051800820246
106.742 0.0266648334980427
106.8 0.0268259323390402
106.858 0.0269884940885429
106.916 0.0271525364949555
106.974 0.0273180775763878
107.032 0.027485135625582
107.09 0.027653729214946
107.148 0.0278238772016951
107.206 0.0279955987331029
107.264 0.0281689132518668
107.322 0.0283438405015881
107.38 0.0285204005323723
107.438 0.0286986137065503
107.496 0.0288785007045246
107.554 0.0290600825307441
107.612 0.0292433805198091
107.67 0.0294284163427119
107.728 0.0296152120132138
107.786 0.0298037898943653
107.844 0.0299941727051695
107.902 0.0301863835273956
107.96 0.0303804458125437
108.018 0.0305763833889664
108.076 0.0307742204691513
108.134 0.0309739816571669
108.192 0.0311756919562781
108.25 0.0313793767767344
108.308 0.0315850619437365
108.366 0.0317927737055839
108.424 0.0320025387420104
108.482 0.0322143841727117
108.54 0.0324283375660698
108.598 0.0326444269480791
108.656 0.0328626808114816
108.714 0.0330831281251133
108.772 0.0333057983434712
108.83 0.0335307214165038
108.888 0.0337579277996334
108.946 0.0339874484640143
109.004 0.0342193149070354
109.062 0.0344535591630721
109.12 0.0346902138144956
109.178 0.0349293120029454
109.236 0.035170887440874
109.294 0.0354149744233687
109.352 0.0356616078402612
109.41 0.0359108231885303
109.468 0.0361626565850076
109.526 0.0364171447793936
109.584 0.0366743251675943
109.642 0.0369342358053846
109.7 0.0371969154224118
109.758 0.0374624034365443
109.816 0.0377307399685793
109.874 0.0380019658573164
109.932 0.0382761226750107
109.99 0.0385532527432131
110.048 0.0388333991490125
110.106 0.0391166057616871
110.164 0.0394029172497822
110.222 0.0396923790986209
110.28 0.0399850376282658
110.338 0.0402809400119406
110.396 0.0405801342949287
110.454 0.0408826694139599
110.512 0.0411885952171014
110.57 0.0414979624841684
110.628 0.0418108229476681
110.686 0.0421272293142948
110.744 0.0424472352869916
110.802 0.0427708955875967
110.86 0.0430982659800916
110.918 0.0434294032944685
110.976 0.043764365451238
111.034 0.0441032114865953
111.092 0.0444460015782645
111.15 0.0447927970720447
111.208 0.0451436605090752
111.266 0.0454986556538477
111.324 0.0458578475229839
111.382 0.0462213024148056
111.44 0.0465890879397207
111.498 0.0469612730514521
111.556 0.0473379280791348
111.614 0.047719124760311
111.672 0.0481049362748485
111.73 0.0484954372798169
111.788 0.0488907039453471
111.846 0.0492908139915108
111.904 0.049695846726249
111.962 0.050105883084388
112.02 0.0505210056677734
112.078 0.0509412987865649
112.136 0.051366848501724
112.194 0.0517977426687398
112.252 0.0522340709826293
112.31 0.0526759250242595
112.368 0.0531233983080309
112.426 0.0535765863309726
112.484 0.0540355866232933
112.542 0.0545004988004408
112.6 0.0549714246167186
112.658 0.0554484680205155
112.716 0.0559317352112012
112.774 0.0564213346977492
112.832 0.0569173773591416
112.89 0.057419976506624
112.948 0.05792924794787
113.006 0.0584453100531264
113.064 0.0589682838234065
113.122 0.0594982929608056
113.18 0.060035463941013
113.238 0.060579926088101
113.296 0.0611318116516713
113.354 0.061691255886444
113.412 0.0622583971343778
113.47 0.0628333769094148
113.528 0.0634163399849446
113.586 0.0640074344840872
113.644 0.0646068119729014
113.702 0.065214627556623
113.76 0.0658310399790508
113.818 0.0664562117251925
113.876 0.0670903091272995
113.934 0.067733502474411
113.992 0.068385966125549
114.05 0.0690478786266957
114.108 0.0697194228317035
114.166 0.0704007860272855
114.224 0.0710921600622478
114.282 0.0717937414811236
114.34 0.0725057316623859
114.398 0.0732283369614143
114.456 0.0739617688584068
114.514 0.0747062441114278
114.572 0.0754619849148029
114.63 0.0762292190630665
114.688 0.0770081801206941
114.746 0.0777991075978437
114.804 0.0786022471323584
114.862 0.0794178506782785
114.92 0.0802461767011357
114.978 0.0810874903803034
115.036 0.0819420638186999
115.094 0.082810176260146
115.152 0.0836921143147009
115.21 0.084588172192308
115.268 0.0854986519451045
115.326 0.0864238637187612
115.384 0.0873641260132379
115.442 0.0883197659533567
115.5 0.0892911195696208
115.558 0.0902785320897186
115.616 0.0912823582411801
115.674 0.0923029625656732
115.732 0.0933407197454553
115.79 0.0943960149425151
115.848 0.0954692441509704
115.906 0.0965608145633143
115.964 0.0976711449511356
116.022 0.0988006660609652
116.08 0.0999498210259353
116.138 0.101119065793981
116.196 0.102308869573335
116.254 0.103519715296125
116.312 0.10475210010091
116.37 0.106006535835037
116.428 0.107283549577766
116.486 0.108583684185122
116.544 0.109907498857528
116.602 0.111255569731303
116.66 0.112628490495154
116.718 0.114026873032914
116.776 0.115451348093751
116.834 0.116902565991239
116.892 0.118381197332678
116.95 0.119887933780187
117.008 0.121423488845129
117.066 0.122988598717567
117.124 0.124584023132482
117.182 0.126210546274657
117.24 0.127868977724168
117.298 0.129560153444582
117.356 0.131284936816074
117.414 0.133044219715777
117.472 0.134838923647863
117.53 0.136670000925948
117.588 0.138538435910606
117.646 0.140445246304929
117.704 0.142391484511231
117.762 0.144378239052222
117.82 0.146406636060129
117.878 0.148477840837494
117.936 0.150593059493587
117.994 0.152753540660618
118.052 0.154960577294213
118.11 0.157215508562855
118.168 0.159519721831341
118.226 0.161874654743582
118.284 0.164281797410446
118.342 0.166742694708688
118.4 0.169258948697409
118.458 0.171832221158918
118.516 0.174464236271312
118.574 0.177156783420559
118.632 0.179911720160416
118.69 0.182730975329055
118.748 0.18561655233186
118.806 0.188570532600524
118.864 0.191595079239246
118.922 0.194692440869583
118.98 0.197864955686309
119.038 0.201115055737491
119.096 0.204445271442943
119.154 0.207858236366177
119.212 0.211356692256097
119.27 0.214943494375812
119.328 0.218621617137229
119.386 0.222394160061409
119.444 0.226264354086175
119.502 0.230235568244028
119.56 0.234311316735132
119.618 0.238495266422008
119.676 0.242791244774581
119.734 0.247203248296376
119.792 0.251735451465072
119.85 0.256392216223133
119.908 0.261178102057024
119.966 0.266097876706576
120.024 0.27115652754927
120.082 0.276359273707849
120.14 0.281711578933467
120.198 0.287219165320843
120.256 0.292888027916474
120.314 0.298724450285934
120.372 0.304735021111753
120.43 0.310926651899283
120.488 0.317306595874498
120.546 0.323882468164677
120.604 0.330662267360683
120.662 0.337654398568016
120.72 0.344867698063022
120.778 0.352311459680775
120.836 0.359995463072183
120.894 0.367930003980029
120.952 0.376125926696917
121.01 0.384594658882668
121.068 0.393348248934662
121.126 0.402399406122235
121.184 0.411761543715393
121.242 0.42144882535938
121.3 0.431476214969773
121.358 0.441859530448492
121.416 0.452615501549072
121.474 0.463761832250681
121.532 0.475317268034261
121.59 0.487301668491855
121.648 0.499736085741322
121.706 0.512642849164326
121.764 0.526045657035437
121.822 0.539969675665583
121.88 0.554441646743729
121.938 0.569490003627883
121.996 0.585144997410057
122.054 0.601438833661266
122.112 0.618405820851734
122.17 0.636082531539896
122.228 0.654507977531416
122.286 0.673723800327919
122.344 0.693774478314602
122.402 0.714707552277523
122.46 0.73657387099596
122.518 0.759427858823303
122.576 0.783327807352079
122.634 0.808336193455429
122.692 0.834520026208526
122.75 0.861951225418751
122.808 0.890707034731642
122.866 0.920870472529032
122.924 0.952530824093167
122.982 0.985784178771121
123.04 1.0207340161306
123.098 1.05749184534153
123.156 1.09617790223431
123.214 1.13692190865618
123.272 1.1798638988475
123.33 1.22515511755597
123.388 1.2729589944541
123.446 1.32345219906612
123.504 1.37682577976597
123.562 1.43328638937818
123.62 1.49305759836809
123.678 1.55638129437389
123.736 1.6235191636948
123.794 1.694754246022
123.852 1.77039254782525
123.91 1.85076469192664
123.968 1.93622757033134
124.026 2.02716595361278
124.084 2.12399399217392
124.142 2.22715652141593
124.2 2.33713005291108
124.258 2.45442329550462
124.316 2.57957700203399
124.374 2.71316287700085
124.432 2.85578120592155
124.49 3.0080567761585
124.548 3.17063255023545
124.606 3.34416042547656
124.664 3.529288269884
124.722 3.72664226860233
124.78 3.93680345890502
124.838 4.1602771936979
124.896 4.39745418566327
124.954 4.6485617945839
125.012 4.91360439834537
125.07 5.19229212698855
125.128 5.48395805566031
125.186 5.78746527761549
125.244 6.10110723580987
125.302 6.42250735349411
125.36 6.74852732380005
125.418 7.07519713742955
125.476 7.39768347654484
125.534 7.71031553206857
125.592 8.00668731047706
125.65 8.27985164338673
125.708 8.52261226425671
125.766 8.72790629729208
125.824 8.88925176640723
125.882 9.00121667168177
125.94 9.05985269549181
125.998 9.06303271732371
126.056 9.01064019991981
126.114 8.90457971568022
126.172 8.74860687347555
126.23 8.54800534786348
126.288 8.30916110474632
126.346 8.03909430539339
126.404 7.74500683672997
126.462 7.43389078654615
126.52 7.11222537776019
126.578 6.78577189506102
126.636 6.45946158568992
126.694 6.13736206211355
126.752 5.82270335825673
126.81 5.51794443200383
126.868 5.22486313114698
126.926 4.94465611669713
126.984 4.6780389727038
127.042 4.42534011479748
127.1 4.18658485185971
127.158 3.9615679907006
127.216 3.74991476516293
127.274 3.55113073874988
127.332 3.36464180546546
127.39 3.18982561604762
127.448 3.02603578233871
127.506 2.87262013306757
127.564 2.72893416021527
127.622 2.59435063965537
127.68 2.46826625342335
127.738 2.35010589537388
127.796 2.23932521278367
127.854 2.13541182556075
127.912 2.03788557182988
127.97 1.94629805229265
128.028 1.86023168389594
128.086 1.77929842383066
128.144 1.70313828566349
128.202 1.63141773861458
128.26 1.56382805702193
128.318 1.50008366850963
128.376 1.43992053517702
128.434 1.38309459132509
128.492 1.32938025309471
128.55 1.27856900931235
128.608 1.23046809835644
128.666 1.18489927259806
128.724 1.14169764964639
128.782 1.10071064801382
128.84 1.06179700373459
128.898 1.02482586378834
128.956 0.989675951792522
129.014 0.956234801254308
129.072 0.924398051654959
129.13 0.894068802729277
129.188 0.865157022467584
129.246 0.837579004579222
129.304 0.811256871398024
129.362 0.786118118465674
129.42 0.762095197289832
129.478 0.739125133031494
129.536 0.717149174126543
129.594 0.696112471086446
129.652 0.675963781949488
129.71 0.656655202066948
129.768 0.638141916106979
129.826 0.620381970342589
129.884 0.603336063460097
129.942 0.5869673542802
130 0.571241284926903
130.058 0.556125418110678
130.116 0.541589287311471
130.174 0.527604258756356
130.232 0.514143404185856
130.29 0.50118138349312
130.348 0.488694336402483
130.406 0.476659782428308
130.464 0.465056528422776
130.522 0.453864583082954
130.58 0.443065077843115
130.638 0.432640193629061
130.696 0.422573092997232
130.754 0.412847857223044
130.812 0.403449427940985
130.87 0.394363552973334
130.928 0.385576736015625
130.986 0.37707618987558
131.044 0.368849792987907
131.102 0.360886048951003
131.16 0.353174048852848
131.218 0.345703436173033
131.276 0.338464374065405
131.334 0.331447514842092
131.392 0.324643971494284
131.45 0.318045291098701
131.508 0.311643429970788
131.566 0.305430730436965
131.624 0.29939989910839
131.682 0.293543986548109
131.74 0.287856368231917
131.798 0.282330726711147
131.856 0.276961034892638
131.914 0.271741540357821
131.972 0.266666750648735
132.03 0.261731419454362
132.088 0.256930533635662
132.146 0.252259301032383
132.204 0.247713138998929
132.262 0.243287663620468
132.32 0.238978679564123
132.378 0.234782170523323
132.436 0.230694290216471
132.494 0.226711353903907
132.552 0.222829830389668
132.61 0.219046334477001
132.668 0.215357619848752
132.726 0.211760572345738
132.784 0.208252203618181
132.842 0.204829645126916
132.9 0.201490142472749
132.958 0.198231050033795
133.016 0.195049825891986
133.074 0.191944027031247
133.132 0.188911304790973
133.19 0.185949400559531
133.248 0.18305614169356
133.306 0.180229437649731
133.364 0.177467276316531
133.422 0.174767720534424
133.48 0.172128904793494
133.538 0.169549032098395
133.596 0.167026370991053
133.654 0.164559252722171
133.712 0.162146068563171
133.77 0.159785267250716
133.828 0.157475352556443
133.886 0.155214880974972
133.944 0.153002459523738
134.002 0.150836743648523
134.06 0.148716435228962
134.118 0.146640280678653
134.176 0.144607069134802
134.234 0.142615630732641
134.292 0.140664834960151
134.35 0.138753589088851
134.408 0.136880836676709
134.466 0.135045556139421
134.524 0.133246759386523
134.582 0.131483490519037
134.64 0.129754824585501
134.698 0.128059866393424
134.756 0.126397749373396
134.814 0.124767634493186
134.872 0.123168709219381
134.93 0.121600186524183
134.988 0.120061303935158
135.046 0.118551322625838
135.104 0.117069526545188
135.162 0.115615221584063
135.22 0.114187734776879
135.278 0.1127864135368
135.336 0.111410624922883
135.394 0.110059754937639
135.452 0.108733207853598
135.51 0.107430405567518
135.568 0.106150786980958
135.626 0.104893807406001
135.684 0.103658937994958
135.742 0.10244566519297
135.8 0.101253490212465
135.858 0.100081928528486
135.916 0.0989305093939379
135.974 0.0977987753738805
136.032 0.0966862818980126
136.09 0.0955925968305412
136.148 0.0945173000566769
136.206 0.0934599830850186
136.264 0.0924202486651499
136.322 0.0913977104197725
136.38 0.0903919924907636
136.438 0.0894027291985538
136.496 0.0884295647142585
136.554 0.0874721527440249
136.612 0.0865301562250725
136.67 0.0856032470329444
136.728 0.0846911056994974
136.786 0.0837934211411795
136.844 0.0829098903971801
136.902 0.0820402183770368
136.96 0.0811841176173171
137.018 0.0803413080470047
137.076 0.0795115167612331
137.134 0.0786944778030363
137.192 0.0778899319527921
137.25 0.077097626525046
137.308 0.0763173151724305
137.366 0.0755487576963932
137.424 0.074791719864467
137.482 0.074045973233828
137.54 0.0733112949808906
137.598 0.0725874677367124
137.656 0.0718742794279803
137.714 0.0711715231233609
137.772 0.0704789968850164
137.83 0.0697965036250832
137.888 0.0691238509669278
137.946 0.068460851111
138.004 0.0678073207051075
138.062 0.0671630807189502
138.12 0.0665279563227553
138.178 0.0659017767698566
138.236 0.0652843752830785
138.294 0.0646755889447814
138.352 0.064075258590435
138.41 0.0634832287055924
138.468 0.0628993473261384
138.526 0.0623234659417001
138.584 0.0617554394020972
138.642 0.0611951258267329
138.7 0.0606423865168129
138.758 0.0600970858702966
138.816 0.0595590912994833
138.874 0.0590282731511379
138.932 0.0585045046290713
138.99 0.0579876617190888
139.048 0.0574776231162209
139.106 0.056974270154162
139.164 0.0564774867368398
139.222 0.0559871592720398
139.28 0.0555031766070196
139.338 0.0550254299660392
139.396 0.0545538128897482
139.454 0.0540882211763648
139.512 0.0536285528245846
139.57 0.0531747079781656
139.628 0.0527265888721293
139.686 0.0522840997805277
139.744 0.0518471469657232
139.802 0.051415638629129
139.86 0.0509894848633676
139.918 0.0505685976057973
139.976 0.0501528905933614
140.034 0.0497422793187215
140.092 0.0493366809876289
140.15 0.0489360144774974
140.208 0.0485402002971388
140.266 0.0481491605476206
140.324 0.047762818884216
140.382 0.0473811004794075
140.44 0.0470039319869107
140.498 0.0466312415066901
140.556 0.0462629585509314
140.614 0.0458990140109437
140.672 0.0455393401249615
140.73 0.0451838704468179
140.788 0.0448325398154641
140.846 0.0444852843253084
140.904 0.0441420412973477
140.962 0.0438027492510719
141.02 0.0434673478771124
141.078 0.0431357780106173
141.136 0.0428079816053265
141.194 0.0424839017083301
141.252 0.0421634824354876
141.31 0.0418466689474869
141.368 0.0415334074265275
141.426 0.0412236450536063
141.484 0.0409173299863905
141.542 0.040614411337659
141.6 0.0403148391542953
141.658 0.0400185643968182
141.716 0.0397255389194323
141.774 0.0394357154505838
141.832 0.0391490475740077
141.89 0.0388654897102524
141.948 0.0385849970986665
142.006 0.0383075257798371
142.064 0.0380330325784637
142.122 0.0377614750866581
142.18 0.0374928116476578
142.238 0.0372270013399387
142.296 0.0369640039617198
142.354 0.0367037800158461
142.412 0.0364462906950404
142.47 0.0361914978675137
142.528 0.0359393640629235
142.586 0.0356898524586711
142.644 0.0354429268665296
142.702 0.0351985517195907
142.76 0.0349566920595245
142.818 0.0347173135241427
142.876 0.0344803823352558
142.934 0.0342458652868196
142.992 0.0340137297333585
143.05 0.0337839435786626
143.108 0.0335564752647496
143.166 0.0333312937610824
143.224 0.03310836855404
143.282 0.0328876696366307
143.34 0.0326691674984438
143.398 0.0324528331158329
143.456 0.0322386379423239
143.514 0.0320265538992434
143.572 0.0318165533665602
143.63 0.0316086091739352
143.688 0.0314026945919743
143.746 0.0311987833236792
143.804 0.0309968494960903
143.862 0.030796867652117
143.92 0.0305988127425512
143.978 0.0304026601182598
144.036 0.0302083855225488
144.094 0.0300159650836984
144.152 0.0298253753076625
144.21 0.0296365930709287
144.268 0.0294495956135364
144.326 0.0292643605322452
144.384 0.0290808657738552
144.442 0.0288990896286715
144.5 0.0287190107241093
144.558 0.0285406080184396
144.616 0.0283638607946678
144.674 0.0281887486545446
144.732 0.0280152515127061
144.79 0.0278433495909369
144.848 0.0276730234125577
144.906 0.0275042537969309
144.964 0.0273370218540824
145.022 0.0271713089794374
145.08 0.0270070968486672
145.138 0.026844367412643
145.196 0.0266831028924969
145.254 0.0265232857747844
145.312 0.0263648988067483
145.37 0.026207924991681
145.428 0.0260523475843818
145.486 0.0258981500867088
145.544 0.0257453162432215
145.602 0.0255938300369135
145.66 0.0254436756850316
145.718 0.0252948376349802
145.776 0.0251473005603098
145.834 0.0250010493567856
145.892 0.024856069138536
145.95 0.0247123452342791
146.008 0.0245698631836243
146.066 0.0244286087334485
146.124 0.0242885678343443
146.182 0.024149726637139
146.24 0.0240120714894835
146.298 0.0238755889325072
146.356 0.0237402656975403
146.414 0.0236060887029005
146.472 0.0234730450507418
146.53 0.0233411220239666
146.588 0.0232103070831965
146.646 0.0230805878638032
146.704 0.0229519521729967
146.762 0.0228243879869697
146.82 0.0226978834480977
146.878 0.0225724268621924
146.936 0.0224480066958082
146.994 0.0223246115736007
147.052 0.0222022302757345
147.11 0.0220808517353417
147.168 0.0219604650360281
147.226 0.0218410594094263
147.284 0.0217226242327958
147.342 0.0216051490266682
147.4 0.0214886234525357
147.458 0.0213730373105845
147.516 0.0212583805374695
147.574 0.0211446432041304
147.632 0.0210318155136497
147.69 0.0209198877991487
147.748 0.0208088505217238
147.806 0.0206986942684202
147.864 0.0205894097502432
147.922 0.020480987800206
147.98 0.0203734193714126
148.038 0.0202666955351769
148.096 0.0201608074791753
148.154 0.0200557465056327
148.212 0.0199515040295419
148.27 0.0198480715769151
148.328 0.0197454407830665
148.386 0.0196436033909261
148.444 0.0195425512493839
148.502 0.0194422763116638
148.56 0.0193427706337255
148.618 0.0192440263726963
148.676 0.01914603578533
148.734 0.0190487912264929
148.792 0.018952285147677
148.85 0.0188565100955393
148.908 0.0187614587104664
148.966 0.0186671237251653
149.024 0.0185734979632772
149.082 0.0184805743380169
149.14 0.0183883458508357
149.198 0.0182968055901066
149.256 0.0182059467298335
149.314 0.0181157625283815
149.372 0.0180262463272303
149.43 0.017937391549748
149.488 0.0178491916999866
149.546 0.0177616403614976
149.604 0.0176747311961683
149.662 0.0175884579430777
149.72 0.0175028144173718
149.778 0.0174177945091578
149.836 0.0173333921824177
149.894 0.0172496014739389
149.952 0.0171664164922645
150.01 0.0170838314166597
150.068 0.0170018404960961
150.126 0.0169204380482535
150.184 0.0168396184585375
150.242 0.0167593761791137
150.3 0.016679705727958
150.358 0.0166006016879228
150.416 0.0165220587058183
150.474 0.0164440714915088
150.532 0.0163666348170244
150.59 0.016289743515687
150.648 0.0162133924812503
150.706 0.0161375766670541
150.764 0.0160622910851925
150.822 0.0159875308056955
150.88 0.0159132909557234
150.938 0.0158395667187752
150.996 0.0157663533339089
151.054 0.0156936460949747
151.112 0.0156214403498605
151.17 0.0155497314997493
151.228 0.015478514998389
151.286 0.0154077863513732
151.344 0.0153375411154335
151.402 0.0152677748977437
151.46 0.0151984833552345
151.518 0.0151296621939188
151.576 0.0150613071682281
151.634 0.0149934140803593
151.692 0.0149259787796315
151.75 0.0148589971618529
151.808 0.0147924651686982
151.866 0.0147263787870945
151.924 0.0146607340486178
151.982 0.014595527028899
152.04 0.0145307538470377
152.098 0.0144664106650267
152.156 0.0144024936871845
152.214 0.0143389991595967
152.272 0.0142759233695657
152.33 0.0142132626450697
152.388 0.0141510133542288
152.446 0.0140891719047803
152.504 0.0140277347435611
152.562 0.0139666983559987
152.62 0.0139060592656095
152.678 0.0138458140335047
152.736 0.0137859592579038
152.794 0.0137264915736554
152.852 0.0136674076517651
152.91 0.0136087041989306
152.968 0.0135503779570837
153.026 0.0134924257029392
153.084 0.01343484424755
153.142 0.0133776304358702
153.2 0.0133207811463228
153.258 0.0132642932903752
153.316 0.0132081638121209
153.374 0.013152389687866
153.432 0.0130969679257239
153.49 0.0130418955652141
153.548 0.0129871696768677
153.606 0.0129327873618389
153.664 0.0128787457515216
153.722 0.0128250420071716
153.78 0.0127716733195353
153.838 0.012718636908482
153.896 0.0126659300226432
153.954 0.0126135499390564
154.012 0.0125614939628136
154.07 0.0125097594267159
154.128 0.0124583436909319
154.186 0.012407244142662
154.244 0.0123564581958071
154.302 0.0123059832906416
154.36 0.0122558168934917
154.418 0.0122059564964179
154.476 0.0121563996169025
154.534 0.0121071437975406
154.592 0.0120581866057362
154.65 0.0120095256334026
154.708 0.0119611584966665
154.766 0.0119130828355768
154.824 0.0118652963138169
154.882 0.011817796618422
154.94 0.0117705814594988
154.998 0.0117236485699507
155.056 0.011676995705206
155.114 0.0116306206429495
155.172 0.0115845211828592
155.23 0.0115386951463449
155.288 0.0114931403762917
155.346 0.0114478547368063
155.404 0.0114028361129676
155.462 0.0113580824105794
155.52 0.011313591555928
155.578 0.0112693614955418
155.636 0.0112253901959552
155.694 0.011181675643475
155.752 0.0111382158439501
155.81 0.0110950088225451
155.868 0.0110520526235154
155.926 0.011009345309987
155.984 0.0109668849637381
156.042 0.0109246696849843
156.1 0.0108826975921663
156.158 0.0108409668217406
156.216 0.0107994755279728
156.274 0.0107582218827344
156.332 0.010717204075301
156.39 0.0106764203121546
156.448 0.0106358688167872
156.506 0.0105955478295082
156.564 0.0105554556072536
156.622 0.0105155904233978
156.68 0.0104759505675681
156.738 0.0104365343454615
156.796 0.0103973400786639
156.854 0.0103583661044719
156.912 0.0103196107757164
156.97 0.010281072460589
157.028 0.0102427495424705
157.086 0.0102046404197617
157.144 0.0101667435057162
157.202 0.0101290572282752
157.26 0.0100915800299054
157.318 0.0100543103674377
157.376 0.0100172467119088
157.434 0.00998038754840471
157.492 0.00994373137590596
157.55 0.00990727670713518
157.608 0.00987102206840645
157.666 0.00983496599947646
157.724 0.0097991070533978
157.782 0.00976344379637396
157.84 0.00972797480761619
157.898 0.00969269867920228
157.956 0.0096576140159369
158.014 0.00962271943521401
158.072 0.00958801356688068
158.13 0.00955349505310291
158.188 0.0095191625482329
158.246 0.00948501471867817
158.304 0.00945105024277222
158.362 0.00941726781064676
158.42 0.00938366612410568
158.478 0.00935024389650046
158.536 0.00931699985260716
158.594 0.00928393272850498
158.652 0.00925104127145624
158.71 0.00921832423978796
158.768 0.00918578040277478
158.826 0.0091534085405234
158.884 0.00912120744385838
158.942 0.00908917591420945
