500 0.0755091517632134 0.0695926535897931  0.0609820188871431 0.0381364711561196 0.122947398514125 0.111927180214328
1000 0.0529861868792235 0.049592653589793  0.0439325893977194 0.00038055779752133 0.083825398381205 0.126990979584508
1500 0.0421155518033862 0.0157406797435402  0.0358421474228182 0.012907679708702 0.0689877363644586 0.027311382034779
2000 0.0363988736089456 0.0204073464102068  0.0306002053817301 0.0125136742996173 0.0607234286434754 0.00601253754449615
2500 0.0322609996125353 0.0408073464102068  0.0274448747142237 0.00801576121029957 0.0535366062926268 0.0520602891811399
3000 0.0304315528260949 0.0362593202564598  0.0249451748058523 0.000419420247738778 0.0496588547499606 0.0471522628560592
3500 0.028453470790046 0.061592653589793  0.02325612042082 0.0165923193210666 0.0458394799321848 0.0377737618085452
4000 0.0257829207034424 0.0164073464102068  0.0220398574788161 0.00394870960076288 0.0431492108297159 0.009111066482971
4500 0.0245196598145473 0.00381487581201512  0.0204551825838789 0.0191381743924692 0.0406480857310549 0.0179785740106833
5000 0.0231527905877456 0.00720734641020693  0.0193872830937693 0.00127440437129733 0.0382597954557221 0.00470912052631123
5500 0.0225000748308297 0.0390471990443384  0.0184948744425002 0.0138865843709954 0.0365458238331045 0.0474887330761264
6000 0.0216315202116418 0.049592653589793  0.0176448637635889 0.0162352658837865 0.034819411092341 0.00730252524098196
6500 0.0203106241383741 0.00671503871789936  0.0170641352806507 0.0066102265223007 0.0332845245904385 0.0340476694407008
7000 0.0198461710989458 0.0267355107326503  0.016591379430364 0.0411705366495578 0.0323357631551477 0.0202558664608241
7500 0.0189472389623474 0.00187401307687374  0.0159830008825553 0.0220042169718 0.030880291076073 0.0303437928516792
8000 0.0183764106601371 0.00209265358979316  0.015423464180628 0.0121663183597907 0.0302716366500799 0.0210082497846762
8500 0.0177077434099924 0.0137014640572657  0.014912403570465 0.0165033968711432 0.0291772281571663 0.0487475901438117
9000 0.0173347761349501 0.00337043136757087  0.014572193907578 0.0176019362210247 0.028483846755977 0.0309191685043908
9500 0.0168522960858431 0.000540022010845576  0.0139705868239445 0.0215287218331013 0.02767328373673 0.039479936048942
10000 0.0165154957539881 0.013592653589793  0.0137639179753344 0.00590056590473909 0.0271521805363319 0.0325524658021772
10500 0.016092018731018 0.0097831297802693  0.0134333804090337 0.00817261612637576 0.0261919408615237 0.0291603263797269
11000 0.0157916985486153 0.0205017444988842  0.0130916897130399 0.00863508722035089 0.0258717506369895 0.013560174574037
11500 0.0154951162446387 0.0285491753289238  0.0128409638071628 0.00827720148757516 0.0252084333385662 0.00115711185860645
12000 0.0150993227098535 0.0172593202564597  0.0126099008264433 0.0113297980893399 0.0245619701736247 0.0258230991978752
12500 0.0148011398479982 0.0183926535897929  0.0122942036852432 0.00440551621508822 0.0243913569714075 0.0655071710631652
13000 0.0143617800583755 0.00671503871789936  0.012081852654182 0.00349352049529328 0.0238413475375066 0.00917416894248202
13500 0.0140003663156727 0.0219629019657623  0.011841922853789 0.003210099988598 0.0231814120998006 0.0225808817038211
14000 0.0137643709157208 0.0192644892673499  0.0116334213129832 0.0134195699054782 0.0228972744520281 0.0114454327603686
14500 0.0136428005785612 0.000902998417379397  0.0114470929413942 0.00152007061785531 0.0225078265682717 0.00136048041611625
15000 0.0135070944321864 0.017592653589793  0.0112601306644857 0.00108809841950386 0.0220153633223679 0.00739693819907572
15500 0.0132768760563918 0.0156571697188252  0.0110823794448248 0.0145110234944892 0.0217704074300054 0.0305707467056604
16000 0.0129305814834446 0.00940734641020669  0.0108653266212542 0.000447720588066414 0.021470327056379 0.0025443270360026
16500 0.0128482630748225 0.0118956838928233  0.0106999687474514 0.013652022461168 0.0210614617595766 0.0294049116150714
17000 0.0128048942403764 0.0404161830015579  0.0106029332615341 0.00271015505303041 0.0207494777654196 0.00978545843681244
17500 0.0123256734201209 0.0165787749816353  0.0104471661322318 0.0142508964832677 0.0204480176917984 0.00844108193503867
18000 0.0121682758956068 0.0137406797435404  0.0103046970781389 0.0150652031294709 0.0201241994964189 0.00804395215161691
18500 0.0121173814014298 0.00861968061682017  0.0101859978374136 0.00705390084549107 0.0199406435645735 0.0140601581411768
19000 0.0119638250481511 0.0100137062213719  0.00996032631012649 0.00799452372873732 0.0197031634685538 0.0288144125722583
19500 0.0117998056398879 0.00805419205133173  0.00992791484351165 0.0148335639256918 0.0193608618994231 0.00511507599029581
20000 0.0114850141488811 0.0254073464102067  0.00972731945476389 0.00289828376034507 0.0191677856388196 0.02196364834204
20500 0.011479593681023 0.00208045846784177  0.00961126444417533 0.000186754579531989 0.0189074531720498 0.0242013983962277
21000 0.011275388753138 0.0117406797435402  0.00950614834822715 0.00500288407619776 0.0186617463635074 0.00416660083367493
21500 0.0111757581792267 0.00501199757299764  0.00936534919543917 0.0114852724232666 0.0184855599900201 0.00601358364775928
22000 0.0110799050545585 0.00177447177161127  0.00926443746439967 0.000813524317913483 0.0182453234406297 0.0159302079459342
22500 0.0110014149442881 0.0116370980342375  0.0091703489657262 0.0114148287125864 0.0179909469129163 0.0230491945662368
23000 0.0108498198576158 0.00472308837240165  0.00909355662833793 0.012734493674964 0.0178232126122801 0.0168548048634585
23500 0.0107284849461319 0.00355010039830361  0.00897476307810881 0.00088471746204366 0.01761129933675 0.016831457851306
24000 0.0105517137014343 0.0107406797435403  0.00889903576553511 0.00459331761979698 0.017450777604625 0.0106908188290968
24500 0.0105684174922787 0.0175110209367317  0.00879888222574011 0.0104658418746362 0.0173001996406603 0.0104849379650891
25000 0.0103528222733707 0.0075273464102068  0.00870898089565259 0.00071974452091883 0.0170890260154204 0.0317733810737919
25500 0.0103154582961291 0.00731814378587137  0.00861662693521468 0.00804867309551005 0.0169790341710836 0.0257010643337043
26000 0.010145931826866 0.00886888487174531  0.00853608566809049 0.00498271791204408 0.0166852903863991 0.0123102796678651
26500 0.0100652474473761 0.00527527093850866  0.00848718919551638 0.00676546376582321 0.0167106276540063 0.0139234204285579
27000 0.0100088616326852 0.0035185795157191  0.0083516587257978 0.00290459791636399 0.016476401093891 0.00381599974597924
27500 0.00994541001939056 0.0102471990443385  0.00830692411101978 0.00949535247703626 0.0163334408827851 0.00780316636888667
28000 0.00978300092726445 0.00740734641020691  0.00825012657406638 0.00409993006004461 0.0161217092444339 0.00359623317829838
28500 0.00967961829016866 0.0115301534277505  0.00815922963108071 0.0107456725166855 0.015942004653463 0.0270873189486376
29000 0.00962717104883582 0.0039245877895171  0.00807120503011232 0.0156561322203825 0.0159049701278607 0.0100159519204297
29500 0.00961029669976561 0.0122367213864032  0.0080259464091663 0.016241698209166 0.015787724343778 0.034277835907436
30000 0.00949766564692297 0.00412598692312649  0.00798353384903142 0.00774304115387592 0.0156442051017404 2.68983296614067E-06
30500 0.00940449455155405 0.000346751950448976  0.00791034191593302 0.00414422132976622 0.0154733663738718 0.00041651932734732
31000 0.00936511735004397 0.00972168584785749  0.00781629299723193 0.00273725846495498 0.01538354681299 0.0107093988240363
31500 0.00923021103780348 0.00570893371179437  0.00779051731788223 0.0171212732613615 0.0152042570246921 0.0402164350584693
32000 0.00921617114353217 0.00934265358979314  0.00770894990178637 0.00750108580848341 0.015119928548226 0.011843027891302
32500 0.00905093824451663 0.0149611925640531  0.00766560339484334 0.00354492143655438 0.0149653160165242 0.00429740680612412
33000 0.00903069513079999 0.00240734641020701  0.00756669257825394 0.00571932775423267 0.0148791609387124 0.00717035457456872
33500 0.00897213293958623 1.92867087145387E-05  0.00750493597095345 0.000671103857791788 0.0147881478496472 0.000971553351210463
34000 0.00888754116448053 0.00487793464550101  0.00747389752062934 1.48238508725917E-05 0.0147106893945539 0.0165226648428147
34500 0.00884782212045261 0.00176656663327135  0.00740054059682292 0.00176776110493382 0.0145516852908442 0.00754059837878795
35000 0.00876973190530715 0.00217877498163555  0.00739525055508536 0.0024946026810464 0.0143747471859781 0.0238808586714061
35500 0.00873388664099124 0.00491659725176508  0.0073064685510544 0.00587685064767474 0.0143497460909518 0.00307717610485092
36000 0.00859638547754018 0.0158517908546512  0.00723782966625527 0.00415562044907558 0.0143067554325932 0.0116811704718369
36500 0.0086198125747 0.00668854400075203  0.00723344642180822 0.000619127090191629 0.0141692585142513 0.0112725764709669
37000 0.0085430547103354 0.00159265358979299  0.00718480730662451 0.00415000661830112 0.0140349942373918 0.0122693951703052
37500 0.00851423161612585 0.00953932025645976  0.00710506737050842 0.00239364654054475 0.0139603906799293 0.00468325419852045
38000 0.00844670219410926 0.00632949569505614  0.00706695983851629 0.00146397656887975 0.0138816736249374 0.00344834267853944
38500 0.0083674374419138 0.00053721654007699  0.00700999166922244 0.00297640020524392 0.0137883278953681 0.00254606498070498
39000 0.00834871982256577 0.00949008948722918  0.00698463091221405 0.00231646982997136 0.0136423316023921 0.00271598407292517
39500 0.0082571287394976 0.0015972198279286  0.0069383906851263 0.00502005391424776 0.013565782905786 0.00237042710815683
