0.0625 2.73963161138143
0.125 2.01941834734442
0.1875 1.59231483071043
0.25 1.28802251515743
0.3125 1.05294933081101
0.375 0.863073973346876
0.4375 0.705476137352132
0.5 0.572364934570578
0.5625 0.458655453436564
0.625 0.360829487661416
0.6875 0.276341064887473
0.75 0.203280944091058
0.8125 0.140175283976298
0.875 0.0858587003364458
0.9375 0.0393908950588619
1 -1.09350976051914E-08
1.0625 -0.032957110858347
1.125 -0.0600231943354142
1.1875 -0.0816616028612438
1.25 -0.0982718459624626
1.3125 -0.110201478994666
1.375 -0.11775527966485
1.4375 -0.121202435832336
1.5 -0.120782245989367
1.5625 -0.116708691466998
1.625 -0.109174141584319
1.6875 -0.0983523845539377
1.75 -0.0844011283607229
1.8125 -0.0674640808019462
1.875 -0.0476726922880768
1.9375 -0.0251476260787092
2 -1.09350976051914E-08
2.0625 0.0276675109580878
2.125 0.0577598413209692
2.1875 0.0901886540654154
2.25 0.124871705351747
2.3125 0.161732236488976
2.375 0.200698451453684
2.4375 0.241703057857033
2.5 0.284682862118797
2.5625 0.329578411161422
2.625 0.376333674197382
2.6875 0.42489575921061
2.75 0.4752146595747
2.8125 0.527243026944747
2.875 0.580935967134297
2.9375 0.636250856166656
3 0.693147169624848
3.0625 0.751586350184787
3.125 0.811531643697349
3.1875 0.872947993315048
3.25 0.935801921568076
3.3125 1.00006142689342
3.375 1.06569588894029
3.4375 1.1326759817469
3.5 1.20097359399295
3.5625 1.27056175562595
3.625 1.34141457024097
3.6875 1.41350715266439
3.75 1.48681557125318
3.8125 1.56131679447529
3.875 1.63698864138361
3.9375 1.71380973563693
4 1.79175945829296
4.0625 1.87081792605563
4.125 1.95096592688571
4.1875 2.03218490379959
4.25 2.11445691790972
4.3125 2.19776461820576
4.375 2.28209121326478
4.4375 2.36742044473959
4.5 2.45373656248832
4.5625 2.54102430122072
4.625 2.62926885854761
4.6875 2.71845587433033
4.75 2.8085714112355
4.8125 2.89960193640882
4.875 2.99153430418892
4.9375 3.08435573978868
5 3.17805381941285
5.0625 3.27261647371149
5.125 3.36803194667236
5.1875 3.46428880095078
5.25 3.56137590084605
5.3125 3.65928240056324
5.375 3.75799773307436
5.4375 3.85751159954112
5.5 3.95781395926459
5.5625 4.05889502012933
5.625 4.160745229512
5.6875 4.26335526562686
5.75 4.36671602928205
5.8125 4.47081863602272
5.875 4.57565440863873
5.9375 4.68121487001592
6 4.78749173184695
6.0625 4.89447690614415
6.125 5.00216247169683
6.1875 5.11054068650759
6.25 5.21960397744958
6.3125 5.32934493481377
6.375 5.43975630708809
6.4375 5.55083099595592
6.5 5.66256205150302
6.5625 5.77494266762169
6.625 5.88796617760248
6.6875 6.00162604990393
6.75 6.11591588409131
6.8125 6.23082940693619
6.875 6.34636046866895
6.9375 6.46250303937668
7 6.579251201075
7.0625 6.69659916240775
7.125 6.81454122812762
7.1875 6.9330718144024
7.25 7.05218544119789
7.3125 7.17187672941525
7.375 7.29214039813258
7.4375 7.41297126194578
7.5 7.53436422840461
7.5625 7.65631429553943
7.625 7.77881654947477
7.6875 7.90186616212605
7.75 8.02545838897575
7.8125 8.14958856692555
7.875 8.27425211222159
7.9375 8.39944451844924
8 8.52516135013032
8.0625 8.65139825888031
8.125 8.77815095428234
8.1875 8.90541522052587
8.25 9.03318691006447
8.3125 9.16146194197323
8.375 9.29023630035846
8.4375 9.41950603281753
8.5 9.54926724894688
8.5625 9.67951611889639
8.625 9.81024887196824
8.6875 9.94146179525869
8.75 10.073151232341
8.8125 10.2053135819881
8.875 10.3379452969333
8.9375 10.471042882668
9 10.6046028918102
9.0625 10.7386219410022
9.125 10.8730966824981
9.1875 11.0080238214872
9.25 11.1434001104111
9.3125 11.2792223479552
9.375 11.4154873780696
9.4375 11.5521920890162
9.5 11.6893334124431
9.5625 11.8269083224847
9.625 11.9649138348857
9.6875 12.1033470061496
9.75 12.2422049327105
9.8125 12.3814847501265
9.875 12.5211836322948
9.9375 12.6612987906882
10 12.8018274736111
