1 0.125 0.125265865100664
1.01 0.122527907418737 0.122740919179406
1.02 0.120110768649152 0.120307074704094
1.03 0.117747312902996 0.117928269407279
1.04 0.115436296747452 0.115603153389312
1.05 0.113176503709006 0.113330411965165
1.06 0.110966743870521 0.111158235541725
1.07 0.108805853462446 0.108983898428233
1.08 0.106692694449057 0.106858295002114
1.09 0.104626154110573 0.104780238983048
1.1 0.102605144621951 0.102748574420041
1.11 0.100628602629131 0.10076217485877
1.12 0.0986954888234386 0.098819942538527
1.13 0.0968047875148419 0.0969208076169429
1.14 0.094955506204689 0.0950637274208949
1.15 0.0931466751585386 0.0932476857220958
1.16 0.0913773469796409 0.0914716920360162
1.17 0.0896465961836022 0.0897347809429006
1.18 0.08795351877472 0.0880360114297426
1.19 0.0862972318244505 0.0863744662521803
1.2 0.0846768730524319 0.0847492513153575
1.21 0.0830916004104562 0.0831594950728764
1.22 0.0815405916697532 0.081604347943033
1.23 0.0800230440119196 0.0800829817415919
1.24 0.0785381736238001 0.0785945891304153
1.25 0.0770852152965974 0.0771383830813083
1.26 0.0756634220294671 0.0757135963544935
1.27 0.0742720646378252 0.0743194809911648
1.28 0.0729104313665762 0.0729553078196136
1.29 0.0715778275084458 0.0716203659744499
1.3 0.0702735750275824 0.0703139624284736
1.31 0.0689970121885727 0.0690354215367807
1.32 0.0677474931909975 0.06778408459271
1.33 0.0665243878096372 0.066559309395265
1.34 0.0653270810404181 0.065360469827659
1.35 0.0641549727521801 0.0641554143487843
1.36 0.0630074773443258 0.0630064126289952
1.37 0.0618840234104018 0.0618815973356702
1.38 0.0607840534076508 0.0607804010912825
1.39 0.0597070233325572 0.0597022706987294
1.4 0.0586524024024024 0.0586466667792639
1.41 0.0576196727428342 0.0576130634195586
1.42 0.056608329081444 0.056600947827669
1.43 0.0556178784473391 0.0556098199976642
1.44 0.0546478398766879 0.0546391923827085
1.45 0.0536977441242082 0.0536885895763801
1.46 0.0527671333805637 0.0527575480020215
1.47 0.0518555609956245 0.0518456156099249
1.48 0.0509625912075456 0.0509523515821584
1.49 0.0500877988776087 0.050077326044847
1.5 0.0492307692307692 0.0493644141429902
1.51 0.048391097601848 0.0485199381827415
1.52 0.0475683891872987 0.0476925705493025
1.53 0.0467622588024845 0.0468819236523898
1.54 0.0459723306443884 0.0460876192106145
1.55 0.0451982380596848 0.0453092880286423
1.56 0.0444396233180918 0.0445465697791659
1.57 0.0436961373909263 0.0437991127896189
1.58 0.0429674397347799 0.0430665738335605
1.59 0.0422531980802322 0.0423486179266586
1.6 0.0415530882255169 0.0416449181271983
1.61 0.0408667938350567 0.0409551553410446
1.62 0.0401940062427787 0.0397663777004025
1.63 0.0395344242601261 0.0403779003268558
1.64 0.0388877539886765 0.0398036532734048
1.65 0.038253708637281 0.0392382324634892
1.66 0.0376320083436364 0.0386814992014784
1.67 0.0370223800002029 0.0381333168154198
1.68 0.0364245570843794 0.0375935506391229
1.69 0.0358382794928511 0.0370620679936895
1.7 0.0352632933800219 0.0365387381685433
1.71 0.0346993510004457 0.0360234324020077
1.72 0.0341462105551717 0.03551602386148
1.73 0.03360363604192 0.0350163876232453
1.74 0.0330713971090022 0.0345244006519725
1.75 0.0325492689129053 0.0340399417799314
1.76 0.0320370319794576 0.0335628916859673
1.77 0.0315344720684945 0.0330931328742685
1.78 0.0310413800419452 0.0326305496529579
1.79 0.030557551735262 0.0321750281125411
1.8 0.030082787832114 0.0317264561042374
1.81 0.0296168937422688 0.0312847232182225
1.82 0.0291596794825884 0.030849720761806
1.83 0.0287109595610639 0.0304213417375696
1.84 0.028270552863817 0.0299994808214852
1.85 0.0278382825449967 0.0295840343410359
1.86 0.0274139759195021 0.0291749002533574
1.87 0.0269974643584612 0.0287561966382441
1.88 0.0265885831873982 0.028362887914182
1.89 0.0261871715870248 0.0279755331387266
1.9 0.0257930724965889 0.0275940373498142
1.91 0.025406132519717 0.0272183070981482
1.92 0.02502620183269 0.0268482504258867
1.93 0.0246531340950889 0.0264837768454519
1.94 0.0242867863627526 0.0261247973184718
1.95 0.023927019002988 0.0257712242348641
1.96 0.0235736956119765 0.0254229713920711
1.97 0.0232266829343195 0.0250799539744539
1.98 0.0228858507846703 0.0247420885328546
1.99 0.0225510719713964 0.0244092929643308
2 0.0222222222222222 0.0240814864920718
2.01 0.0218991801117999 0.0237585896455
2.02 0.021581826991159 0.0234405242405636
2.03 0.021270046918986 0.0231272133602253
2.04 0.0209637265946869 0.0228185813351508
2.05 0.0206627552931845 0.0225145537246011
2.06 0.0203670248014084 0.0222150572975317
2.07 0.0200764293564303 0.0219200200139023
2.08 0.0197908655852034 0.0216293710061979
2.09 0.0195102324458634 0.0213430405611656
2.1 0.0192344311705498 0.0210609601017668
2.11 0.0189633652097079 0.020783062169348
2.12 0.0186969401778326 0.020509280406031
2.13 0.0184350638006154 0.0202395495373216
2.14 0.0181776458634581 0.0199738053549413
2.15 0.0179245981613171 0.019711984699878
2.16 0.0176758344498427 0.0194540254456601
2.17 0.0174312703977796 0.0191998664818499
2.18 0.0171908235405945 0.0189494476977601
2.19 0.0169544132352995 0.0187027099663896
2.2 0.0167219606164384 0.0184595951285809
2.21 0.0164933885532048 0.0182200459773956
2.22 0.0162686216076641 0.0179840062427097
2.23 0.016047585994047 0.0177514205760259
2.24 0.0158302095390887 0.0175222345355028
2.25 0.0156164216433844 0.0172963945711993
2.26 0.0154061532437344 0.0170738480105327
2.27 0.0151993367764534 0.0168545430439495
2.28 0.0149959061416168 0.0166384287108073
2.29 0.0147957966682204 0.0164254548854653
2.3 0.0145989450802285 0.0162155722635831
2.31 0.0144052894634871 0.0160087323486252
2.32 0.0142147692334789 0.015804887438569
2.33 0.0140273251038981 0.015603990612815
2.34 0.013842899056023 0.0154059957192975
2.35 0.013661434308865 0.0152108573617929
2.36 0.0134828752900738 0.0150185308874241
2.37 0.0133071676075783 0.0148289723743591
2.38 0.0131342580219441 0.0146421386197008
2.39 0.0129640944194282 0.0144579871275673
2.4 0.0127966257857128 0.014276476097359
2.41 0.0126318021802996 0.0140975644122111
2.42 0.0124695747115477 0.0139212116276296
2.43 0.0123098955123377 0.0137473779603075
2.44 0.0121527177163462 0.0135760242771197
2.45 0.0119979954349127 0.0134071120842948
2.46 0.0118456837344856 0.0132406035167604
2.47 0.0116957386146305 0.0130764613276601
2.48 0.0115481169865861 0.0129146488780402
2.49 0.0114027766523538 0.0127551301267044
2.5 0.0112596762843068 0.0125978696202317
2.51 0.0111187754053045 0.012442832483159
2.52 0.0109800343692995 0.0122899844083229
2.53 0.0108434143424242 0.0121392916473601
2.54 0.0107088772845439 0.0119907210013638
2.55 0.010576385931265 0.011844239811694
2.56 0.0104459037763858 0.0116998159509388
2.57 0.0103173950547779 0.0115574178140257
2.58 0.0101908247256886 0.0114170143094798
2.59 0.0100661584564509 0.0112785748508266
2.6 0.00994336260659285 0.011142069348138
2.61 0.00982240421233427 0.0110074681997191
2.62 0.00970325097146115 0.0108747422839329
2.63 0.00958587122856829 0.0107438629511624
2.64 0.00947023396066022 0.0106148020159058
2.65 0.00935630876310124 0.0104875317490054
2.66 0.00924406583590557 0.0103620248700055
2.67 0.00913347597035871 0.0102382545396392
2.68 0.00902451053596156 0.0101161943524412
2.69 0.0089171414676889 0.00999581832948495
2.7 0.00881134125355427 0.00987710091124186
2.71 0.00870708292247305 0.00976001695056097
2.72 0.00860434003241642 0.00964454170576698
2.73 0.0085030866588486 0.00953065083387484
2.74 0.00840329738344001 0.00941832038391897
2.75 0.00830494728304947 0.00930752679039526
2.76 0.00820801191896836 0.00919824686681403
2.77 0.00811246732642028 0.00909045779936219
2.78 0.00801829000430949 0.00898413714067285
2.79 0.00792545690521193 0.00887926280370045
2.8 0.00783394542560259 0.00877581305569988
2.81 0.00774373339631324 0.00867376651230786
2.82 0.00765479907321474 0.00857310213172468
2.83 0.00756712112811811 0.008473799208995
2.84 0.00748067863988901 0.0083758373703857
2.85 0.00739545108577008 0.00827919656785945
2.86 0.00731141833290605 0.00818385707364228
2.87 0.00722856063006634 0.00808979947488358
2.88 0.00714685859956041 0.007997004668407
2.89 0.00706629322934082 0.00790545385555082
2.9 0.00698684586528942 0.00781512853709607
2.91 0.00690849820368211 0.00772601050828118
2.92 0.00683123228382755 0.00763808185390157
2.93 0.00675503048087569 0.00755132494349265
2.94 0.00667987549879178 0.00746572242659509
2.95 0.00660575036349173 0.00738125722810071
2.96 0.00653263841613491 0.00729791254367775
2.97 0.00646052330657038 0.00721567183527419
2.98 0.00638938898693284 0.00713451882669763
2.99 0.00631921970538463 0.00705443749927075
