-0.785398163397448 0.790489837809208
-0.745731589488486 0.811598250831812
-0.706065015579524 0.832046204081784
-0.666398441670562 0.851768865329004
-0.6267318677616 0.870701858434193
-0.587065293852638 0.88878148056963
-0.547398719943676 0.905944919136886
-0.507732146034714 0.922130467461751
-0.468065572125752 0.937277738373295
-0.42839899821679 0.951327874807014
-0.388732424307828 0.964223756610514
-0.349065850398866 0.975910202773676
-0.309399276489904 0.986334168352708
-0.269732702580942 0.995444935408314
-0.23006612867198 1.00319429733149
-0.190399554763018 1.00953673598513
-0.150732980854056 1.01442959114525
-0.111066406945094 1.01783322178056
-0.0713998330361318 1.0197111587635
-0.0317332591271698 1.0200302486579
0.00793331478179225 1.01876078827783
0.0475998886907543 1.01587664975849
0.0872664625997163 1.01135539592182
0.126933036508678 1.00517838575733
0.16659961041764 0.997330869870663
0.206266184326602 0.987802075780373
0.245932758235564 0.97658528296443
0.285599332144526 0.963677887574798
0.325265906053489 0.9490814567489
0.364932479962451 0.932801772452446
0.404599053871413 0.914848864788682
0.444265627780375 0.89523703470527
0.483932201689337 0.873984866022236
0.523598775598299 0.851115226693434
0.563265349507261 0.82665525920055
0.602931923416223 0.800636359963621
0.642598497325185 0.773094147636323
0.682265071234147 0.744068420138897
0.721931645143109 0.713603100267434
0.761598219052071 0.681746169706439
0.801264792961033 0.648549591263087
0.840931366869995 0.614069219137376
0.880597940778957 0.57836469704335
0.920264514687919 0.5414993440036
0.959931088596881 0.503540027653116
0.999597662505843 0.464557024909869
1.0392642364148 0.424623869898822
1.07893081032377 0.383817189053756
1.11859738423273 0.34221652336765
1.15826395814169 0.299904137817364
1.19793053205065 0.256964818052029
1.23759710595962 0.213485654506552
1.27726367986858 0.169555814181587
1.31693025377754 0.125266300418535
1.3565968276865 0.0807097010919669
1.39626340159546 0.0359799257412711
1.43592997550443 -0.00882806773272393
1.47559654941339 -0.053618556073063
1.51526312332235 -0.0982953425315187
1.55492969723131 -0.142762056640652
1.59459627114027 -0.186922460831717
1.63426284504924 -0.230680762730449
1.6739294189582 -0.27394193186024
1.71359599286716 -0.316612019385208
1.75326256677612 -0.35859847943595
1.79292914068508 -0.399810490479632
1.83259571459405 -0.440159275125174
1.87226228850301 -0.479558416694829
1.91192886241197 -0.517924170846774
1.95159543632093 -0.555175770500445
1.9912620102299 -0.591235722298305
2.03092858413886 -0.626030092835151
2.07059515804782 -0.659488782899688
2.11026173195678 -0.691545788003176
2.14992830586574 -0.722139443516686
2.18959487977471 -0.751212652801932
2.22926145368367 -0.778713096800344
2.26892802759263 -0.804593423640684
2.30859460150159 -0.82881141693636
2.34826117541055 -0.851330141568699
2.38792774931952 -0.872118065890836
2.42759432322848 -0.89114915943724
2.46726089713744 -0.908402965384756
2.5069274710464 -0.923864647181039
2.54659404495537 -0.937525008933426
2.58626061886433 -0.949380489334099
2.62592719277329 -0.959433129083893
2.66559376668225 -0.967690511965323
2.70526034059121 -0.974165679903566
2.74492691450018 -0.978877022540203
2.78459348840914 -0.981848142026626
2.8242600623181 -0.983107693920296
2.86392663622706 -0.9826892052358
2.90359321013602 -0.980630870862069
2.94325978404499 -0.976975329705781
2.98292635795395 -0.971769422057359
3.02259293186291 -0.965063929798866
3.06225950577187 -0.956913301181327
3.10192607968083 -0.947375361991793
3.1415926535898 -0.93651101500679
