-1 -0.00675211313401333 -0.0939238649546187 0 -0.043808421289823 -0.082491895660874 0 0.358381771051548 0.124194982878215 0
-0.97979797979798 -0.00890990164633457 -0.12066652787581 -0.000157293219935698 -0.0456786095734559 -0.103483135388349 -0.000903195974535452 0.35894744749291 -0.0715794033618686 0.00725240888863763
-0.95959595959596 -0.011670191469909 -0.153747847546617 -0.000364048474451332 -0.0480259263844726 -0.129877849131902 -0.00184880928496908 0.355358753464005 -0.286775686781933 0.0144749431239225
-0.939393939393939 -0.0151720283942854 -0.194270420236499 -0.000633804499196212 -0.0509689031412748 -0.162616276314082 -0.00284764419119238 0.347244235175898 -0.519225250244915 0.0215798502134202
-0.919191919191919 -0.0195775252925404 -0.243411018825428 -0.000983139507522097 -0.0546457616980651 -0.202703917292327 -0.00391309619553299 0.334282198934655 -0.766172807557416 0.0284723562119077
-0.898989898989899 -0.0250730629512366 -0.302389147230078 -0.00143215039029439 -0.0592154799341264 -0.251184780835691 -0.00506156150187543 0.316212358565207 -1.02429974733277 0.0350517894201975
-0.878787878787879 -0.031869730695433 -0.372422976623594 -0.00200494892540693 -0.0648582076459369 -0.309103591491425 -0.00631286181489265 0.292846822275463 -1.28976621245493 0.0412129333507374
-0.858585858585858 -0.0402027382223246 -0.454671387437853 -0.00273015696985108 -0.0717747973060204 -0.377455796876832 -0.00769066901561259 0.264080041221784 -1.55827171753899 0.0468475917931019
-0.838383838383838 -0.050329509739799 -0.55016141979699 -0.00364137695630723 -0.0801851956223668 -0.457124724899497 -0.00922290928774288 0.229897353552371 -1.82513335837592 0.0518463412722481
-0.818181818181818 -0.062526165234427 -0.659701248780941 -0.00477760808876224 -0.0903254356375408 -0.548805963880702 -0.0109421210493675 0.190381784436699 -2.08537991541496 0.056100439038372
-0.797979797979798 -0.0770821062715642 -0.78377985205416 -0.00618357275980837 -0.10244297970652 -0.652919977188931 -0.0128857358619711 0.145718804234809 -2.33385943507764 0.0595038482650003
-0.777777777777778 -0.094292459800401 -0.922455806724912 -0.00790991232439106 -0.116790195307457 -0.76951510111415 -0.0150962467257398 0.0961988024582087 -2.56535722579018 0.0619553366534153
-0.757575757575757 -0.114448196997719 -1.07523909468137 -0.010013206977359 -0.133615801907074 -0.898164369124585 -0.0176212242894161 0.0422171027146998 -2.77472066604377 0.0633606004094485
-0.737373737373737 -0.137823838033781 -1.24097133702811 -0.0125557716813765 -0.153154210558975 -1.03786098931062 -0.0205131390306239 -0.015728579087998 -2.95698682162426 0.0636343627921951
-0.717171717171717 -0.164662778784128 -1.41771141497692 -0.0156051795031297 -0.175612789442673 -1.18691867923433 -0.0238289469599659 -0.0770432474721577 -3.10750863449597 0.0627023952957329
-0.696969696969697 -0.195160430567957 -1.60263483571317 -0.0192334659619995 -0.201157226846417 -1.34288431281701 -0.0276293984273755 -0.141042238805736 -3.22207539497497 0.0605034101096106
-0.676767676767676 -0.229445544718941 -1.79195631503555 -0.0235159736431422 -0.229895324200536 -1.50247131689586 -0.0319780346677075 -0.206961173630036 -3.29702335085312 0.0569907748321542
-0.656565656565656 -0.26756029272425 -1.98088570987337 -0.0285298058249566 -0.261859728761585 -1.66152281978802 -0.0369398452103993 -0.273968011416576 -3.32933264093978 0.0521340044245887
-0.636363636363636 -0.309439879014116 -2.16362748061568 -0.0343518714835626 -0.296990298463008 -1.81501355194692 -0.0425795714206244 -0.341176897153247 -3.31670725447417 0.0459199909577573
-0.616161616161616 -0.354892663328666 -2.33343315097789 -0.0410565217783441 -0.335116967464938 -1.95709879865401 -0.0489596572312796 -0.407663429070883 -3.25763539020735 0.0383539386078069
-0.595959595959596 -0.403581946425522 -2.4827146535497 -0.0487127996984171 -0.3759441349128 -2.08121721074263 -0.056137867277369 -0.472480931659729 -3.15142838852872 0.0294599793292722
-0.575757575757575 -0.455010708550128 -2.60322394867259 -0.0573813493135812 -0.419037714773493 -2.18025194812835 -0.0641646145456495 -0.53467729007983 -2.99823729789229 0.0192814533485128
-0.555555555555555 -0.508510666016289 -2.68630090097055 -0.0671110580049691 -0.463816044567016 -2.24675148700054 -0.0730800633521843 -0.59331189248011 -2.79904706827772 0.00788084771663024
-0.535353535353535 -0.563237010083723 -2.72318719423792 -0.0779355327647361 -0.509545839844214 -2.27320756916152 -0.0829110976791335 -0.647472236006805 -2.55564929144787 -0.00466060473973462
-0.515151515151515 -0.6181700997056 -2.70539925504967 -0.089869538441733 -0.555344286834951 -2.25238340056331 -0.0936682680739237 -0.696289779819526 -2.27059528161366 -0.0182436550056062
-0.494949494949494 -0.672125186109486 -2.6251480214055 -0.102905549717608 -0.600188179934403 -2.17768058758148 -0.105342850664056 -0.738954672691695 -1.94713206418297 -0.0327520769416528
-0.474747474747474 -0.723770949562388 -2.47578829623043 -0.117010587542206 -0.642930731975999 -2.04352877685431 -0.117904167496026 -0.774729041303248 -1.58912447277493 -0.0480539898097057
-0.454545454545454 -0.771657231966506 -2.25227578499863 -0.132123522672769 -0.6823263193967 -1.84577793005415 -0.131297326534737 -0.802958594915086 -1.2009670111586 -0.0640034325906323
-0.434343434343434 -0.814251866826838 -1.95160617699959 -0.148153031969545 -0.717062985454727 -1.5820700306449 -0.145441540627855 -0.823082378920421 -0.787489392174148 -0.0804421542569339
-0.414141414141414 -0.849985963253706 -1.57320822404057 -0.164976385689586 -0.745802034842661 -1.25216517981963 -0.160229176282186 -0.834640589574103 -0.353859705969448 -0.0972015815832499
-0.393939393939393 -0.877306423917589 -1.11926207748737 -0.182439225221811 -0.767223542025931 -0.8581968291921 -0.175525664476823 -0.837280440620108 0.0945110070028157 -0.114104925104391
-0.373737373737373 -0.894733905901672 -0.594915445563947 -0.200356460246704 -0.780076098950517 -0.404832554881388 -0.191170376873194 -0.830760145265936 0.552059386509471 -0.130969384390746
-0.353535353535353 -0.900923910195094 -0.00837357179433429 -0.218514372719296 -0.78322868438849 0.100679597731908 -0.206978532354885 -0.814951140018629 1.01315276303934 -0.147608415749074
-0.333333333333333 -0.894728253391784 0.629155411104893 -0.236673963766919 -0.775722186541837 0.64859363873835 -0.222744152317575 -0.789838726895556 1.47216244377879 -0.163834028542061
-0.313131313131312 -0.875253874935665 1.30367073798133 -0.254575520823266 -0.756817889004648 1.22688426944265 -0.238244030780479 -0.755521344829825 1.92352599603812 -0.179459080260611
-0.292929292929292 -0.841915799816785 1.99874689278772 -0.27194431911825 -0.726040167615535 1.82160041518502 -0.253242630129419 -0.712208698043256 2.36179813243296 -0.194299544943111
-0.272727272727272 -0.794481135112874 2.69605120623884 -0.288497307651796 -0.683210762039728 2.41734329302762 -0.267497758559524 -0.660218968208183 2.78169068225179 -0.208176734157751
-0.252525252525252 -0.73310124157694 3.37599308034444 -0.303950569024848 -0.628472288398788 2.99784948944156 -0.280766834773056 -0.599975319035442 3.17810294850649 -0.220919454190283
-0.232323232323232 -0.658329686083605 4.0184770843467 -0.31802728911121 -0.562299140786801 3.54665108567024 -0.292813502919279 -0.532001868488519 3.5461444339455 -0.232366086980085
-0.212121212121211 -0.571124228795402 4.60372380120283 -0.330465930447458 -0.485494567922342 4.047777892719 -0.303414329556819 -0.45691925847051 3.88115240386003 -0.242366585445142
-0.191919191919191 -0.472831896586051 5.11311596920585 -0.341028275784145 -0.399173470063279 4.48646200853439 -0.312365297398955 -0.375439899266409 4.17870697205096 -0.25078437593628
-0.171717171717171 -0.365157094170575 5.53002376296786 -0.349506998044617 -0.304731292102445 4.84980271275969 -0.319487809729868 -0.28836291224169 4.43464628964326 -0.257498161575373
-0.151515151515151 -0.250113648774548 5.84056240649415 -0.355732421473888 -0.203800234185397 5.12735049914048 -0.324633935540389 -0.19656874630674 4.64508394639074 -0.262403620206274
-0.131313131313131 -0.129962609198163 6.03423788762486 -0.359578166289003 -0.0981947996550634 5.31157290400159 -0.327690658302016 -0.101013408823178 4.80642986850352 -0.265414989812464
-0.11111111111111 -0.00713846096534797 6.10444226522027 -0.360965414615358 0.010150609218498 5.39817155456 -0.328582939308685 -0.00272223637967329 4.9154149089461 -0.266466532865826
-0.0909090909090902 0.115832884589301 6.04876858214857 -0.359865596587069 0.11924880930287 5.38622911153531 -0.327275466920465 0.0972168615412957 4.96911820542506 -0.265513869602745
-0.07070707070707 0.236420468962862 5.86912613252886 -0.35630136874581 0.227128108776252 5.27817586813263 -0.32377303208868 0.197660725748878 4.96499564418663 -0.262535169120361
-0.0505050505050498 0.352174906855656 5.57164900222903 -0.350345837936794 0.331898088177072 5.07957786755362 -0.31811954373092 0.297418843931769 4.90090803341473 -0.257532186726759
-0.0303030303030296 0.460811107420784 5.16640350261233 -0.342120067836658 0.431809406433216 4.79876058214307 -0.310395769950681 0.395261815824011 4.77514961286479 -0.250531136029839
-0.0101010101010094 0.560283194617784 4.66691239740469 -0.331788986904762 0.525304548115641 4.44629350075241 -0.300715957821185 0.489930435317664 4.58648198442541 -0.241583383961255
0.0101010101010108 0.648848200026568 4.08952476696447 -0.31955589094657 0.611057040116373 4.03437049591023 -0.289223540894098 0.580145608150136 4.33418564675808 -0.230765954476698
0.030303030303031 0.725115777371875 3.45266916630485 -0.305655796175697 0.687997445781374 3.57612782492135 -0.276086185889881 0.664619658387987 4.01815023315506 -0.218181819181937
0.0505050505050512 0.788082015055855 2.77603380194031 -0.290347946084528 0.755325334826613 3.08494549940989 -0.261490455346996 0.742070091225704 3.63903286796566 -0.203959937048198
0.0707070707070714 0.8371463415573 2.07972040258437 -0.273907805117992 0.812507361909586 2.57377822951437 -0.245636369778768 0.811237521246964 3.19851748316966 -0.188254977453217
0.0909090909090916 0.872111464029783 1.38341817653709 -0.256618882891032 0.859262495897462 2.0545591841579 -0.228732140917927 0.870910089024043 2.69970073042039 -0.171246619815071
0.111111111111112 0.893167188604309 0.705640884049978 -0.238764724607596 0.895536258327469 1.53771365916492 -0.210989318121066 0.919957000404167 2.14760658475142 -0.153138272214319
0.131313131313132 0.900859783067356 0.0630639955235792 -0.220621377787425 0.921466493677818 1.03181091746948 -0.19261854545093 0.957373464458395 1.54978885732208 -0.134155000340856
0.151515151515152 0.896049209963208 -0.530009259473245 -0.202450604838657 0.937343658693765 0.543371676828287 -0.173826070931844 0.982337904615568 0.916921618904636 -0.114540424258156
0.171717171717172 0.879857045257238 -1.06203370283845 -0.184494058737491 0.943568852054137 0.076836833638891 -0.154811086356379 0.994279645718598 0.263213757697516 -0.094552347616952
0.191919191919193 0.853608184288671 -1.52445079012424 -0.166968578963781 0.940612796337625 -0.36530903698558 -0.135763910628757 0.992951443508109 -0.393563457039787 -0.0744569573825011
0.212121212121213 0.818769518515554 -1.91176086629475 -0.150062701014098 0.928978737772899 -0.782277143280831 -0.116864966848018 0.978496819333868 -1.03265121516135 -0.0545215902694304
0.232323232323233 0.776888654266297 -2.22144911071038 -0.133934409324532 0.909171769981457 -1.17460429646742 -0.0982844477355131 0.951498318867062 -1.63163289413883 -0.0350063058119809
0.252525252525253 0.729535462165818 -2.45378284520561 -0.118710103984095 0.881676456025864 -1.54370781346652 -0.0801825195139957 0.912991024057295 -2.16853075557671 -0.0161548092853282
0.272727272727273 0.678248826988871 -2.61150366743081 -0.104484699317332 0.846943871058509 -1.89140472427712 -0.0627098839237565 0.864427381119091 -2.62447814705261 0.00181442628825975
0.292929292929294 0.62449045282552 -2.69944155995714 -0.0913227296161719 0.805388376158554 -2.21943589369016 -0.0460085035404607 0.807585545534164 -2.986552865872 0.0187157626372454
0.313131313131314 0.569607010799519 -2.72407966971421 -0.0792603055099697 0.757393626015698 -2.52903392125741 -0.0302122975052422 0.74442372570298 -3.25018254587867 0.0344015871326316
0.333333333333334 0.514801338470937 -2.69309797813571 -0.0683077443136034 0.70332657047887 -2.82056902112714 -0.0154476324851457 0.676895709537615 -3.42047925063642 0.0487641325505935
0.353535353535354 0.461112849762132 -2.61492185702493 -0.0584526890019911 0.643557587484751 -3.09329994125881 -0.00183346526331719 0.606754850012811 -3.51198010817782 0.061733399140073
0.373737373737375 0.409406823551208 -2.49829789830255 -0.049663532329972 0.578484426648818 -3.34524797581986 0.010518964080382 0.535381613173247 -3.54656935697383 0.0732712927103435
0.393939393939395 0.360371831616413 -2.35191484661613 -0.0418929735917199 0.508557379148802 -3.57320199816892 0.0215069395464562 0.46367019329597 -3.54977965540275 0.0833628200996147
0.414141414141415 0.314524257119961 -2.18408239786898 -0.0350815537482969 0.434303034985822 -3.77285200336034 0.0310375751827463 0.392001193584559 -3.54610863175264 0.0920058297083184
0.434343434343435 0.272218649186055 -2.00247547723087 -0.0291610380925181 0.356344141344348 -3.93903870838214 0.0390295655653347 0.320310969786874 -3.55430832328055 0.0992011755422831
0.454545454545455 0.233662555202354 -1.81394674628365 -0.0240575421779677 0.275413417823138 -4.06609806335106 0.045415279648563 0.248247495419338 -3.58369833401949 0.104945191016633
0.474747474747476 0.198934461387403 -1.62440580345625 -0.0196943244386963 0.192359684008887 -4.14827270704796 0.0501430583368601 0.175382781793293 -3.63236850859401 0.109225947324964
0.494949494949496 0.168003540016904 -1.43876003899648 -0.015994196025774 0.108145269328214 -4.18015792012487 0.0531795489624787 0.101438380050205 -3.6877095824103 0.112024014763044
0.515151515151516 0.140750031387884 -1.26090949828705 -0.0128815234607026 0.0238343540193031 -4.15714775673532 0.054511895837768 0.0264771513992357 -3.72915544753009 0.113317514448141
0.535353535353536 0.11698526162017 -1.09378642264221 -0.0102838216904483 -0.0594274201814534 -4.07584782517553 0.0541496059506613 -0.0489776713716382 -3.73249604639072 0.113090363372255
0.555555555555556 0.0964704954622091 -0.93942932876468 -0.00813295333540254 -0.140441082993906 -3.9344244842838 0.0521259223706156 -0.123918260829967 -3.67477357786358 0.111341986657476
0.575757575757577 0.0789340296306615 -0.799081453871803 -0.0063659640166337 -0.217988666617002 -3.73286567657294 0.0484985636959713 -0.196923720375875 -3.53869636833736 0.108096535489932
0.595959595959597 0.0640861326172961 -0.673303991789661 -0.00492559361357687 -0.290871758152593 -3.47313572520719 0.0433497236939234 -0.266308285254151 -3.31569889334535 0.103409839320455
0.616161616161617 0.0516316201758865 -0.562095614749779 -0.00376050937647429 -0.357952020779951 -3.15921456248721 0.0367852682819151 -0.330313227578164 -3.00716653499996 0.0973728599639908
0.636363636363637 0.0412800140081522 -0.465011151560893 -0.00282530943027278 -0.418191324294278 -2.79702035831147 0.0289331138750034 -0.387304414463749 -2.62380390670404 0.0901111483574107
0.656565656565658 0.0327533598945528 -0.381273821014008 -0.0020803449145843 -0.470689188562167 -2.39422270518599 0.0199408184311949 -0.435941279667232 -2.18352581196471 0.0817805486092159
0.676767676767678 0.0257918789793818 -0.30987696604733 -0.00149140642685238 -0.514715463384538 -1.95996077587388 0.00997246094521731 -0.475293423752267 -1.70849628904569 0.0725599884808092
0.696969696969698 0.0201576928757336 -0.249672692366659 -0.00102931620062449 -0.549736521069077 -1.50448669083 -0.000795076274684999 -0.504894588945285 -1.22199878078992 0.0626425412094098
0.717171717171718 0.0156369023253863 -0.199446107391433 -0.000669462150284055 -0.575433690674789 -1.03875834899368 -0.0121762778257869 -0.524736699298161 -0.745712796349483 0.0522260162794057
0.737373737373738 0.012040314220816 -0.157974933201933 -0.000391304073470478 -0.591713176641033 -0.574007988320999 -0.0239814526479985 -0.535216268478975 -0.297762543579798 0.0415041781225435
0.757575757575759 0.00920310746542382 -0.124075108609824 -0.00017787636184537 -0.5987072383379 -0.121312727338268 -0.0360213034953314 -0.537050454411321 0.108333795386384 0.0306593848334874
0.777777777777779 0.00698370922075101 -0.0966336006298606 -1.53058732731731E-05 -0.596766921175927 0.308808562007324 -0.0481114340013435 -0.531180511403141 0.463886179117432 0.0198570783035402
0.797979797979799 0.00526212419219309 -0.0746300314505389 0.00010764158856337 -0.586447088859665 0.706751201342009 -0.0600766295247903 -0.518677503063743 0.764626520415006 0.00924222337529013
0.818181818181819 0.00393792489575485 -0.0571489219754635 0.000199977299158464 -0.56848488166662 1.06411733098483 -0.071754767056071 -0.500660475390326 1.00992304679469 -0.00106246117920274
0.83838383838384 0.00292807383665432 -0.0433843921443299 0.000268863083148112 -0.543772997513803 1.37393452230401 -0.0830002351218679 -0.478232338758451 1.20184762810465 -0.0109567925217123
0.85858585858586 0.00216471198896636 -0.0326390787546922 0.000319940250919871 -0.5133293509072 1.63079539656316 -0.0936867746365836 -0.452434532219127 1.34427274594169 -0.0203623090665633
0.87878787878788 0.00159301392238102 -0.0243188693987784 0.000357614389074409 -0.47826470916499 1.83091877579937 -0.103709683700184 -0.424218668486201 1.44210572769487 -0.0292207161533323
0.8989898989899 0.00116917971201972 -0.0179248387698866 0.000385298106748486 -0.43974984388806 1.9721377899011 -0.112987361199379 -0.394431840779003 1.50070501307501 -0.037491903106775
0.91919191919192 0.000858608120811886 -0.0130435382106015 0.000405614989624256 -0.3989835841481 2.05382433999834 -0.121462193744257 -0.363811866677464 1.52547708379014 -0.0451517699985944
0.939393939393941 0.000634274699973996 -0.00933655238758215 0.000420568693613742 -0.357162937201178 2.07676216401247 -0.129100816349914 -0.332989074870854 1.52162576860801 -0.052190029603231
0.959595959595961 0.000475322277103716 -0.00653001396992335 0.000431681416910598 -0.315456176677122 2.04298237280504 -0.135893798194016 -0.302491941769209 1.49401514562359 -0.058608088199757
0.979797979797981 0.000365859399263145 -0.00440456837201881 0.000440106013011998 -0.274979511851401 1.95557574245347 -0.141854820083855 -0.272754674536602 1.44710807796334 -0.0644170624736714
1 0.000293954117847218 -0.00278611160046841 0.000446715829383894 -0.236777668120488 1.81849537431598 -0.147019419775966 -0.244125540639798 1.38494932888158 -0.0696359586627772
