A =
     0.652        0.1      0.219 
       0.1      0.223      0.182 
     0.219      0.182      0.786 
EigenValues:      0.167      0.492          1 
Eigenvalues using opt:     0.167      0.492          1 
Eigenvectors = 
     0.085      0.821      0.564 
    -0.964    -0.0758      0.256 
     0.253     -0.565      0.785 
Eigenvectors using opt = 
     0.085      0.821      0.564 
    -0.964    -0.0758      0.256 
     0.253     -0.565      0.785 
V^T*A*V = 
     0.167   9.33e-16  -6.94e-18 
  9.44e-16      0.492   6.05e-10 
 -2.78e-17   6.05e-10          1 
V*D*VT = 
     0.652        0.1      0.219 
       0.1      0.223      0.182 
     0.219      0.182      0.786 
V^T*V = 
         1          0          0 
         0          1  -1.67e-16 
         0  -1.67e-16          1 
