10 0.01 -0.499986763706313
10 0.02 -0.499949272460333
10 0.03 -0.499886798720834
10 0.04 -0.49979941984399
10 0.05 -0.499687148171513
10 0.06 -0.499550008988066
10 0.07 -0.499388164846684
10 0.08 -0.499201799917117
10 0.09 -0.49899081300542
10 0.1 -0.498755453842506
10 0.11 -0.498495671670994
10 0.12 -0.498212021318418
10 0.13 -0.49790420863766
10 0.14 -0.497572854668058
10 0.15 -0.497217766305087
10 0.16 -0.496839405026358
10 0.17 -0.496437753883147
10 0.18 -0.496013349406779
10 0.19 -0.49556615215302
10 0.2 -0.495096746302705
