A =
      0.31      0.773       0.11 
     0.773      0.015      0.151 
      0.11      0.151      0.238 
EigenValues:     -0.627      0.197      0.993 
Eigenvalues using opt:    -0.627      0.197      0.993 
Eigenvectors = 
     0.632      0.215      0.745 
    -0.773      0.106      0.625 
    0.0548     -0.971      0.233 
Eigenvectors using opt = 
     0.632      0.215      0.745 
    -0.773      0.106      0.625 
    0.0548     -0.971      0.233 
V^T*A*V = 
    -0.627  -1.39e-17  -4.79e-12 
 -2.95e-17      0.197   9.02e-17 
 -4.79e-12   8.33e-17      0.993 
V*D*VT = 
      0.31      0.773       0.11 
     0.773      0.015      0.151 
      0.11      0.151      0.238 
V^T*V = 
         1   5.55e-17   1.47e-16 
  5.55e-17          1          0 
  1.47e-16          0          1 
