0.05 0.0950655624395787 -0.0336263907021852 0.0193726576657432
0.1 0.180862082254984 -0.0639111563150945 0.0368133373484603
0.15 0.258067373146099 -0.0910403014564914 0.0524233976844219
0.2 0.327315183214682 -0.115191661307954 0.0663003199567932
0.25 0.389197888779015 -0.136535213562649 0.0785378309176118
0.3 0.444269028351029 -0.155233381752553 0.0892260203786795
0.35 0.493045658784849 -0.171441333154501 0.098451463935533
0.4 0.536010627012381 -0.185307256205409 0.106297328615972
0.45 0.57361465219225 -0.196972637160219 0.112843490029939
0.5 0.606278322205503 -0.206572521920997 0.118166634729937
0.55 0.634393958864433 -0.21423576887563 0.122340365146133
0.6 0.658327374030247 -0.220085293831846 0.125435302120415
0.65 0.678419516546852 -0.224238306641496 0.127519181346993
0.7 0.694988039273885 -0.226806535797846 0.128656949151921
0.75 0.708328746086139 -0.227896450597271 0.128910854613041
0.8 0.718716978601149 -0.227609467884496 0.128340539192424
0.85 0.726408900690435 -0.226042159448803 0.127003124728298
0.9 0.731642717401697 -0.223286445510809 0.124953297429775
0.95 0.734639816529637 -0.219429783065334 0.122243390181671
1 0.735605844418059 -0.214555348966586 0.118923461963934
1.05 0.734731709995234 -0.208742213863886 0.115041375110535
1.1 0.732194535797524 -0.202065511398556 0.110642871832627
1.15 0.728158548198201 -0.194596600481311 0.105771645506111
1.2 0.722775913389474 -0.18640322144533 0.10046941172584
1.25 0.716187524926161 -0.177549645264056 0.0947759776219829
1.3 0.70852373765803 -0.168096821900316 0.0887293078517752
1.35 0.699905062353328 -0.158102516132554 0.0823655894496245
1.4 0.69044281653075 -0.147621444052418 0.0757192939040053
1.45 0.68023973261519 -0.136705401164194 0.0688232396015872
1.5 0.669390532496689 -0.125403387598601 0.0617086482963454
1.55 0.6579824622976 -0.113761727253797 0.0544052043942294
1.6 0.646095797671041 -0.101824183824244 0.0469411091385859
1.65 0.633804314743869 -0.0896320696307325 0.0393431350229645
1.7 0.621175734535483 -0.0772243546416287 0.0316366779371563
1.75 0.608272136563311 -0.0646377668604355 0.0238458064905712
1.8 0.595150349408526 -0.0519068917615873 0.0159933128118189
1.85 0.581862313692432 -0.0390642677514002 0.00810075857658818
1.9 0.568455425417343 -0.0261404760384676 0.000188521255402165
1.95 0.554972852710436 -0.0131642283652732 -0.0077241606982196
2 0.54145383888877 -0.000162452585944633 -0.0156191451549299
2.05 0.527933980534927 0.0128396278780921 -0.0234793450737796
2.1 0.514445489002173 0.0258184156732463 -0.0312886864978679
2.15 0.501017438274031 0.03875186478842 -0.0390320715813079
2.2 0.487675993087156 0.05161940953319 -0.0466953373458964
2.25 0.474444622130914 0.0644018944124422 -0.0542652224914303
2.3 0.4613443004211 0.0770815085856694 -0.0617293294801815
2.35 0.448393696726324 0.0896417225900225 -0.0690760908053754
2.4 0.435609349080411 0.102067227117583 -0.0762947355149722
2.45 0.423005825281003 0.114343873149053 -0.0833752567009387
2.5 0.410595879017053 0.126458618402957 -0.0903083810553765
2.55 0.398390589061443 0.138399470450135 -0.0970855371759209
2.6 0.386399496564382 0.150155436947022 -0.10369882789656
2.65 0.374630724312767 0.161716475552245 -0.110141001821856
2.7 0.363091093672228 0.173073445276726 -0.116405424453007
2.75 0.351786233381865 0.184218062328709 -0.122486053070802
2.8 0.340720677983956 0.195142855658805 -0.128377411186115
2.85 0.329897962080993 0.205841124097738 -0.13407456338924
2.9 0.319320709133787 0.216306898486398 -0.139573091870897
2.95 0.308990705738541 0.226534900381721 -0.144869071821705
3 0.298908983609013 0.236520506404553 -0.149959051737392
3.05 0.289075886277285 0.246259713919318 -0.154840029726419
3.1 0.279491131949774 0.255749105188619 -0.159509434015547
3.15 0.270153877800073 0.264985815545373 -0.163965101666728
3.2 0.261062771820364 0.273967503680461 -0.168205259892716
3.25 0.252216004171721 0.282692320027257 -0.172228507397499
3.3 0.243611358235676 0.291158879689882 -0.176033796623219
3.35 0.235246252867982 0.299366235238591 -0.179620414386704
3.4 0.227117781427713 0.307313849859416 -0.182987967969581
3.45 0.21922275425844 0.315001572900475 -0.18613636626938
3.5 0.211557727690635 0.322429616852945 -0.189065806197147
3.55 0.204119038881098 0.329598533919783 -0.191776755665159
3.6 0.196902837902432 0.336509194264248 -0.194269940949375
3.65 0.189905110402026 0.343162765819158 -0.196546330797254
3.7 0.183121705681626 0.349560694041049 -0.198607124849351
3.75 0.176548358310719 0.355704684044508 -0.200453738982762
3.8 0.170180707905788 0.361596681257034 -0.202087793165068
3.85 0.164014321529759 0.367238855841218 -0.203511100225343
3.9 0.158044709826189 0.372633584237954 -0.204725653954294
3.95 0.15226734182995 0.377783436858313 -0.205733617002812
4 0.146677660801269 0.382691159496877 -0.206537310528309
4.05 0.141271098263797 0.387359662527683 -0.207139204929317
4.1 0.136043083316596 0.391792005199785 -0.207541908444836
4.15 0.130989057895982 0.395991384246325 -0.207748159182756
4.2 0.126104483455018 0.399961120724632 -0.207760813623499
4.25 0.121384848052787 0.403704649200084 -0.20758284038662
4.3 0.116825680196611 0.407225506601341 -0.207217309528683
4.35 0.112422550570917 0.410527321588065 -0.206667386661034
4.4 0.108171080564265 0.413613805207743 -0.205936322904704
4.45 0.104066947089132 0.416488740433115 -0.205027449323821
4.5 0.100105889610744 0.419155975403068 -0.20394416789347
4.55 0.0962837115341608 0.421619412470386 -0.202689946437096
4.6 0.0925962869349739 0.423883001959885 -0.201268311267033
4.65 0.0890395599760295 0.425950733958426 -0.199682840872114
4.7 0.0856095516980784 0.427826632136144 -0.197937159013922
4.75 0.082302359997149 0.42951474451347 -0.196034930944016
4.8 0.0791141619475615 0.431019140594243 -0.193979856135799
4.85 0.0760412150268275 0.432343902743133 -0.191775663973567
4.9 0.0730798599596225 0.433493121832256 -0.189426108438889
4.95 0.0702265183646783 0.434470891202829 -0.186934963145215
5 0.067477697704473 0.435281302637895 -0.18430601644275
5.05 0.0648299881994478 0.435928440272875 -0.181543068708932
5.1 0.0622800641941852 0.436416377846615 -0.178649925858551
5.15 0.0598246842638042 0.4367491734983 -0.1756303969354
5.2 0.0574606909741856 0.436930865817195 -0.172488289668863
5.25 0.0551850086855167 0.436965470953991 -0.169227407308192
5.3 0.0529946461349239 0.436856978739798 -0.165851544953781
5.35 0.0508866927978001 0.436609349677497 -0.162364486720634
5.4 0.0488583190040287 0.436226512374689 -0.158770002004533
5.45 0.0469067753406079 0.435712360285389 -0.155071842501421
5.5 0.0450293915924898 0.435070748803044 -0.151273740843977
5.55 0.0432235748632294 0.434305494850361 -0.147379406729585
5.6 0.0414868096496093 0.433420372657687 -0.143392523747406
5.65 0.0398166552568813 0.432419112882749 -0.139316749769717
5.7 0.0382107438184685 0.431305400547772 -0.135155711439038
5.75 0.0366667815747861 0.430082873368253 -0.130913005272677
5.8 0.0351825450229334 0.42875512022048 -0.126592193227561
5.85 0.0337558807679053 0.42732568057288 -0.122196802117329
5.9 0.0323847018260752 0.425798041468269 -0.117730321647182
5.95 0.0310669897141634 0.424175638338762 -0.113196203144211
6 0.0298007892609125 0.422461852993898 -0.108597857909715
6.05 0.0285842102561653 0.420660012847743 -0.103938655205883
6.1 0.0274154240258592 0.418773390728656 -0.099221921769615
6.15 0.0262926627443902 0.416805203988125 -0.0944509404937584
6.2 0.0252142152492503 0.414758613040127 -0.0896289496150164
6.25 0.0241784301575241 0.41263672250828 -0.0847591405706954
6.3 0.0231837102539159 0.410442579856048 -0.0798446584441898
6.35 0.0222285143577423 0.408179175151577 -0.0748886004713073
6.4 0.0213113521663016 0.405849440963206 -0.069894015264382
6.45 0.0204307852647579 0.403456253178291 -0.0648639020796889
6.5 0.0195854247902941 0.401002428300477 -0.0598012113807677
6.55 0.0187739324155992 0.398490727257295 -0.0547088413890933
6.6 0.017995013930564 0.395923852213954 -0.0495896412905857
6.65 0.0172474231876824 0.393304448380602 -0.0444464083942899
6.7 0.0165299556584049 0.390635102955838 -0.0392818881164314
6.75 0.0158414514430534 0.387918347278656 -0.0340987750206625
6.8 0.0151807919805638 0.38515665506567 -0.0288997104992883
6.85 0.0145468991155995 0.382352444530318 -0.0236872838527829
6.9 0.013938731561845 0.379508076957743 -0.0184640324286048
6.95 0.0133552883836899 0.376625858258397 -0.0132324410325837
7 0.0127956045223742 0.373708040007248 -0.0079949416788707
7.05 0.012258750231419 0.37075681823135 -0.00275391361693787
7.1 0.0117438299874482 0.367774334729393 0.00248831610083875
7.15 0.0112499801866509 0.364762677695148 0.00772947242812011
7.2 0.0107763697698689 0.361723882619002 0.0129673333902956
7.25 0.010322201239274 0.358659932014144 0.0181997280172222
7.3 0.00988670293327591 0.355572756818398 0.0234245389773772
7.35 0.00946913489571969 0.3524642362925 0.0286396991247397
7.4 0.0090687823375825 0.349336199317593 0.033843193798855
7.45 0.00868495992893244 0.346190425183925 0.0390330580687941
7.5 0.00831700781897268 0.343028643167813 0.044207379556367
7.55 0.00796429167579729 0.339852534374995 0.0493642956959254
7.6 0.0076261983856603 0.33666373225476 0.0545019936513801
7.65 0.00730214162371901 0.333463822304686 0.0596187106887442
7.7 0.00699155545266578 0.330254343821366 0.0647127339070845
7.75 0.0066938981563898 0.327036791398898 0.0697823983797042
7.8 0.0064086465942886 0.323812612948085 0.0748260887602533
7.85 0.00613529848019229 0.320583213198886 0.0798422364311093
7.9 0.00587336994176247 0.317349952837462 0.0848293216301114
7.95 0.00562240007655814 0.314114150425995 0.089785870696199
8 0.00538194087681605 0.310877082329669 0.0947104569414787
8.05 0.00515156451839926 0.307639983790074 0.0996016994515533
8.1 0.00493085893778955 0.304404048744446 0.104458263032327
8.15 0.0047194294389482 0.301170432409009 0.109278856917044
8.2 0.00451689525967717 0.297940251211637 0.114062235448113
8.25 0.004322892938967 0.294714582292113 0.118807195760836
8.3 0.00413707063270897 0.291494465980406 0.123512579283902
8.35 0.00395909232677778 0.288280905529447 0.128177268980289
8.4 0.00378863505888898 0.285074868932505 0.132800190918243
8.45 0.00362538833097637 0.281877288512568 0.137380311566741
8.5 0.00346905397033755 0.278689062346776 0.141916638880088
8.55 0.00331934636361768 0.27551105419361 0.146408220754223
8.6 0.00317599043343527 0.272344095746279 0.150854144262283
8.65 0.00303872313539562 0.26918898586313 0.155253536338641
8.7 0.00290729141088511 0.26604649215332 0.159605561447248
8.75 0.00278145217560156 0.262917350904578 0.163909422129261
8.8 0.00266097314368115 0.259802268590935 0.168164357994429
8.85 0.00254563095087364 0.25670192188849 0.172369644597831
8.9 0.0024352106015396 0.253616959571307 0.176524594070246
8.95 0.0023295063242035 0.25054800120786 0.180628553388323
9 0.00222832082620277 0.247495639428303 0.184680903581143
9.05 0.00213146406182034 0.244460440316595 0.188681060355919
9.1 0.00203875546688762 0.241442943886362 0.192628471931948
9.15 0.00195002029770586 0.238443664551552 0.196522619939144
9.2 0.00186509132159937 0.235463091675482 0.200363017671351
9.25 0.0017838086074943 0.232501691078911 0.204149209872662
9.3 0.00170601809573003 0.229559904498583 0.207880771503368
9.35 0.00163157311138273 0.226638151338455 0.211557308617776
9.4 0.00156033295319103 0.223736827528165 0.215178456119638
9.45 0.00149216090940866 0.220856307810486 0.218743877847933
9.5 0.001426927268833 0.217996946620399 0.222253266273754
9.55 0.00136450767361768 0.215159076819311 0.225706341378258
9.6 0.00130478254431866 0.212343011066579 0.229102849816778
9.65 0.00124763785266422 0.209549043130562 0.232442565649688
9.7 0.0011929640904053 0.206777448201555 0.235725288060989
9.75 0.00114065541325978 0.204028482617925 0.238950841373538
9.8 0.00109061162739778 0.201302384845675 0.24211907556089
9.85 0.00104273651841695 0.198599375475577 0.245229863549811
9.9 0.000996937017543776 0.195919659413617 0.248283102726153
9.95 0.000953125470408532 0.193263424765601 0.251278712938128
10 0.000911215985790894 0.190630843349647 0.254216636621179
10.05 0.000871126937610065 0.188022071405251 0.25709683806831
10.1 0.000832781562926195 0.185437251509956 0.259919302850588
10.15 0.000796104337411027 0.182876510903097 0.262684037352726
10.2 0.000761023645617615 0.18033996334289 0.265391068043766
10.25 0.000727471811312367 0.177827708042373 0.268040441382677
10.3 0.000695382876141941 0.175339832352307 0.270632222058471
10.35 0.000664693048272176 0.172876410760485 0.273166494620461
10.4 0.000635343434695308 0.170437504748769 0.275643360835656
10.45 0.000607275581165168 0.168023164009002 0.278062940716533
10.5 0.000580434120176074 0.16563342731073 0.280425370787483
10.55 0.000554766812497306 0.163268322318276 0.282730804572795
10.6 0.000530222407174993 0.160927865333187 0.284979411379533
10.65 0.000506752233653911 0.158612062939281 0.287171376701753
10.7 0.00048431087731119 0.156320911421304 0.289306900649407
10.75 0.000462853234505524 0.154054397972215 0.291386197857327
10.8 0.000442336654898267 0.151812500368823 0.293409497826084
10.85 0.000422720739348605 0.149595187006478 0.29537704357514
10.9 0.000403965353494073 0.147402417669917 0.297289091376671
10.95 0.000386034455019042 0.145234144859468 0.299145910219151
11 0.000368892222223204 0.143090312087573 0.300947781946125
11.05 0.000352503646287039 0.140970855488492 0.302695000325267
11.1 0.000336835736238414 0.138875703671353 0.304387870147797
11.15 0.000321857895354951 0.136804779024207 0.30602670844127
11.2 0.00030753957183519 0.134757996309551 0.307611841973947
11.25 0.00029385333271217 0.132735264417846 0.309143608812882
11.3 0.000280770312125076 0.130736485265113 0.310622356135787
11.35 0.000268263716042596 0.128761555437804 0.312048441581062
11.4 0.000256309230391862 0.126810365853963 0.313422231458714
11.45 0.000244883213749501 0.124882801837831 0.314744101478363
11.5 0.000233962110205433 0.122978743059976 0.316014434893202
11.55 0.000223524334995824 0.121098064683799 0.317233623965619
11.6 0.000213547469033345 0.11924063742522 0.31840206858439
11.65 0.000204012084357818 0.117406327107332 0.319520175880617
11.7 0.000194899662380857 0.115594995003921 0.320588360161162
11.75 0.000186190940820055 0.113806498890097 0.321607042543986
11.8 0.000177867344012771 0.112040691961432 0.322576650546969
11.85 0.00016991346683034 0.110297424802097 0.32349761787983
11.9 0.000162311746619383 0.10857654371496 0.324370384066009
11.95 0.000155047409771604 0.106877891873949 0.325195394098277
12 0.000148105847265095 0.105201309271688 0.325973098126413
12.05 0.000141472028893332 0.103546633193469 0.326703951556611
12.1 0.000135133343835025 0.10191369831385 0.32738841393183
12.15 0.000129076987036842 0.10030233629459 0.328026949422566
12.2 0.000123289317499087 0.0987123764807502 0.328620026469714
12.25 0.000117759956010962 0.097143646177865 0.329168116641496
12.3 0.000112476762511439 0.0955959705356724 0.329671696298196
12.35 0.000107428167348107 0.0940691729411009 0.330131243901628
12.4 0.000102605083185673 0.0925630744746307 0.330547241268214
12.45 9.7996928554227E-05 0.0910774952426626 0.330920173112695
12.5 9.35931151768905E-05 0.0896122527497553 0.331250527182
12.55 8.9386244740184E-05 0.0881671642067062 0.331538792793345
12.6 8.53671040878666E-05 0.0867420451333912 0.331785461718279
12.65 8.15268740704035E-05 0.0853367100489366 0.331991027295553
12.7 7.78590705374679E-05 0.0839509717095367 0.332155985276389
12.75 7.43551130687539E-05 0.0825846428308549 0.332280832055239
12.8 7.1007685799385E-05 0.0812375350208358 0.332366065906452
12.85 6.78103571328125E-05 0.0799094596084477 0.33241218523427
12.9 6.47555222142217E-05 0.0786002265051272 0.332419690249247
12.95 6.18373893676362E-05 0.077309645318697 0.332389081237068
13 5.90501053100222E-05 0.0760375258371989 0.332320859408887
13.05 5.63868950173843E-05 0.0747836772267362 0.332215525918089
13.1 5.38430498604493E-05 0.0735479085392332 0.332073581764977
13.15 5.14136115645133E-05 0.0723300279668963 0.331895528373882
13.2 4.90928654984844E-05 0.0711298447118313 0.331681866953099
13.25 4.68767435369301E-05 0.0699471672957437 0.331433097935069
13.3 4.47600748012516E-05 0.068781804937006 0.331149721409524
13.35 4.27383835390184E-05 0.0676335665891058 0.330832236852197
13.4 4.08071719418549E-05 0.0665022614608461 0.330481142594833
13.45 3.89624860271825E-05 0.0653876993728771 0.330096936232045
13.5 3.72003233831635E-05 0.0642896906253981 0.329680114201832
13.55 3.55177345730612E-05 0.0632080455082945 0.329231171735345
13.6 3.39101190880895E-05 0.0621425753300943 0.328750602302221
13.65 3.23752478579387E-05 0.0610930914383003 0.328238898117283
13.7 3.09099877695449E-05 0.0600594061531872 0.327696549451189
13.75 2.95109475978802E-05 0.0590413326180355 0.327124045393301
13.8 2.8174483364234E-05 0.0580386844335389 0.32652187306393
13.85 2.68986220380983E-05 0.0570512760889535 0.325890516345241
13.9 2.5679339392751E-05 0.0560789231012278 0.325230458671141
13.95 2.45153177035178E-05 0.0551214416743774 0.324542180393978
14 2.34036611478027E-05 0.0541786487339084 0.323826159481154
14.05 2.23415501931956E-05 0.0532503630246126 0.323082871688348
14.1 2.13270393043075E-05 0.0523364032114015 0.322312790379463
14.15 2.03589894031415E-05 0.051436589315784 0.321516386099394
14.2 1.94349676576968E-05 0.050550742779853 0.320694126638674
14.25 1.85530979598531E-05 0.0496786860381266 0.319846477444731
14.3 1.77106623127942E-05 0.0488202420925378 0.318973900232821
14.35 1.69063978523314E-05 0.0479752361767303 0.318076855040556
14.4 1.61383321693268E-05 0.0471434936109885 0.317155797685119
14.45 1.5405356893282E-05 0.0463248420472952 0.31621118164947
14.5 1.47046127232375E-05 0.0455191096789014 0.315243456845542
14.55 1.40358270617239E-05 0.0447261259894383 0.31425307033874
14.6 1.33971931305327E-05 0.0439457219567493 0.313240465395045
14.65 1.27875221173281E-05 0.0431777298104384 0.312206082481142
14.7 1.2205501606941E-05 0.0424219830471793 0.311150358304569
14.75 1.16499221877404E-05 0.0416783162419925 0.310073726468089
14.8 1.11192365686256E-05 0.0409465663069297 0.308976616562978
14.85 1.06132636202965E-05 0.0402265703805801 0.307859454911569
14.9 1.01302710413478E-05 0.0395181678052472 0.306722664481322
14.95 9.66890141481203E-06 0.0388211990420201 0.305566664094693
15 9.22813742392586E-06 0.0381355064157476 0.304391868855182
15.05 8.80717396665184E-06 0.0374609325043685 0.303198690749989
15.1 8.40571435534296E-06 0.0367973227246307 0.301987537413987
15.15 8.02286073696473E-06 0.0361445227699378 0.300758813048414
15.2 7.65681273891511E-06 0.0355023811510688 0.29951291776854
15.25 7.30687824052005E-06 0.0348707462533069 0.298250247851163
15.3 6.97297843499541E-06 0.0342494692147827 0.296971195319416
15.35 6.65498594369086E-06 0.0336384019613387 0.295676149261418
15.4 6.35180533314919E-06 0.0330373986124605 0.294365493845398
15.45 6.0617017324495E-06 0.0324463134039101 0.293039609565058
15.5 5.78412175743003E-06 0.0318650037761907 0.291698872698496
15.55 5.51958795302996E-06 0.031293327603803 0.290343656217044
15.6 5.26747485761759E-06 0.030731144320456 0.288974328283585
15.65 5.02718678552581E-06 0.0301783151458685 0.287591253346794
15.7 4.79711397693376E-06 0.0296347031380392 0.286194791622689
15.75 4.57710017085378E-06 0.0291001719852986 0.284785299160493
15.8 4.36776924194352E-06 0.0285745875212742 0.283363128248557
15.85 4.1688072484193E-06 0.028057816806026 0.281928626898607
15.9 3.97844704772998E-06 0.0275497281359653 0.280482138705063
15.95 3.79631607945747E-06 0.0270501920925919 0.279024003405775
16 3.62253862855887E-06 0.0265590800261431 0.277554557262934
16.05 3.45656832229754E-06 0.0260762647505357 0.276074131164739
16.1 3.29849333866437E-06 0.0256016214219537 0.274583052576544
16.15 3.14750974842784E-06 0.0251350256607705 0.273081644301531
16.2 3.00300563967181E-06 0.0246763551088191 0.27157022601298
16.25 2.86490463152252E-06 0.0242254889201028 0.270049112415109
16.3 2.73363926039337E-06 0.0237823072564567 0.2685186140717
16.35 2.60872334644452E-06 0.0233466917269093 0.266979037643334
16.4 2.48963080884996E-06 0.0229185261101682 0.265430685899843
16.45 2.37571896208594E-06 0.0224976948410088 0.263873857108731
16.5 2.26662548371285E-06 0.0220840839958624 0.262308845270503
16.55 2.16255763879257E-06 0.0216775816949096 0.260735940989192
16.6 2.06328281191869E-06 0.0212780763906175 0.25915542995065
16.65 1.9688607750766E-06 0.0208854588738968 0.257567594126263
16.7 1.87781064060343E-06 0.0204996205241354 0.25597271140063
16.75 1.79104278087778E-06 0.0201204548538702 0.254371055473369
16.8 1.70837030058983E-06 0.0197478565689443 0.252762896238075
16.85 1.63001727650699E-06 0.0193817214626748 0.251148499319776
16.9 1.55512151075603E-06 0.0190219462221773 0.249528126320683
16.95 1.48355635286283E-06 0.0186684303220115 0.247902034679615
17 1.41525230496794E-06 0.0183210738032944 0.246270478306256
17.05 1.3506100892284E-06 0.0179797775373911 0.244633706735735
17.1 1.28847876981927E-06 0.0176444438059975 0.242991965573009
17.15 1.22886845211671E-06 0.0173149770477911 0.241345496240467
17.2 1.17221416280793E-06 0.0169912822888978 0.239694537030768
17.25 1.11878275424475E-06 0.0166732664207848 0.238039321521947
17.3 1.06771221329754E-06 0.0163608366683313 0.236380079864363
17.35 1.01826778785918E-06 0.0160539019839649 0.23471703795384
17.4 9.70886059021461E-07 0.0157523731221082 0.233050418027627
17.45 9.26454089207223E-07 0.0154561619460112 0.231380438539028
17.5 8.84278404620985E-07 0.0151651801925729 0.229707314302537
17.55 8.43597777081985E-07 0.0148793423772496 0.228031255990037
17.6 8.04535479334277E-07 0.0145985633046482 0.226352470269446
17.65 7.67507686837015E-07 0.0143227599582472 0.224671160910542
17.7 7.32311088790714E-07 0.0140518491414745 0.22298752700227
17.75 6.98642917051524E-07 0.0137857500242074 0.221301764999729
17.8 6.66517472135401E-07 0.0135243820073751 0.219614066634222
17.85 6.35672472452262E-07 0.0132676667761701 0.217924620902564
17.9 6.0609349854537E-07 0.0130155259440293 0.216233612059223
17.95 5.77936629335553E-07 0.0127678827128461 0.214541221837043
18 5.51438947378186E-07 0.0125246618488887 0.212847627816841
18.05 5.26103170847485E-07 0.0122857885945881 0.211153004468606
18.1 5.01896658272482E-07 0.01205118930973 0.209457522080637
18.15 4.7857845330225E-07 0.0118207917722975 0.207761347903417
18.2 4.55867315647362E-07 0.0115945249000252 0.206064645764241
18.25 4.34547996209755E-07 0.0113723181830691 0.204367576024866
18.3 4.14433393843808E-07 0.0111541022395427 0.202670295561196
18.35 3.9489674286681E-07 0.0109398086219374 0.200972957535302
18.4 3.7617909416207E-07 0.0107293706589982 0.199275712165508
18.45 3.59078964506174E-07 0.0105227220577846 0.197578706170342
18.5 3.4322833621082E-07 0.0103197971372571 0.195882083198315
18.55 3.27895188128483E-07 0.0101205319919202 0.194185983286725
18.6 3.1290062106853E-07 0.00992486363552775 0.192490543394304
18.65 2.98586936477098E-07 0.00973272945538658 0.19079589716033
18.7 2.84849636664192E-07 0.00954406784023573 0.189102175301118
18.75 2.71647542273566E-07 0.00935881853448818 0.187409505356872
18.8 2.58706624179067E-07 0.00917692157422671 0.185718011176716
18.85 2.4644863472905E-07 0.00899831866081312 0.1840278135471
18.9 2.35084403096372E-07 0.00882295217389028 0.182339031247907
18.95 2.24550918774029E-07 0.00865076465374877 0.18065177873252
19 2.14385506088704E-07 0.00848170053897413 0.178966168082973
19.05 2.0456103626664E-07 0.00831570465932304 0.177282308147906
19.1 1.95666830123518E-07 0.00815272279166904 0.175600305394214
19.15 1.86753762128658E-07 0.00799270142213288 0.1739202621612
19.2 1.77903237621416E-07 0.00783558764272 0.172242279080079
19.25 1.69244766380864E-07 0.00768132979400207 0.170566453170909
19.3 1.61084969813697E-07 0.00752987697692581 0.168892878619533
19.35 1.53588396618042E-07 0.00738117900807652 0.167221647403027
19.4 1.46794215916002E-07 0.0072351859598563 0.165552848071502
19.45 1.39554758672718E-07 0.00709184933796644 0.163886566473869
19.5 1.32811749818506E-07 0.00695112135190192 0.162222885793594
19.55 1.26662688260143E-07 0.00681295481387907 0.160561887128864
19.6 1.20980812845166E-07 0.00667730331411858 0.158903647823833
19.65 1.15330119899275E-07 0.00654412115354873 0.157248243201515
19.7 1.09717637466486E-07 0.00641336328113605 0.155595745791294
19.75 1.0422682927768E-07 0.00628498550925538 0.153946225367446
19.8 9.9614076028155E-08 0.00615894418964554 0.152299749309088
19.85 9.50372526386124E-08 0.00603519640103898 0.150656382672545
19.9 9.07361395349137E-08 0.00591369971311787 0.14901618765284
19.95 8.67618533974376E-08 0.00579441228246315 0.147379223832135
20 8.31041880103237E-08 0.0056772936747751 0.14574554867778
20.05 7.9243880980564E-08 0.00556230358472237 0.144115217263975
20.1 7.56107593015211E-08 0.00544940219103959 0.142488281852379
20.15 7.19456599307302E-08 0.00533855053026984 0.140864792540532
20.2 6.84345649910268E-08 0.0052297103205154 0.139244796559056
20.25 6.56565636132163E-08 0.00512284387246112 0.137628339738693
20.3 6.25110952365115E-08 0.00501791360405806 0.136015465037207
20.35 5.91242673773505E-08 0.00491488316233895 0.134406213295601
20.4 5.61978602702635E-08 0.00481371625476745 0.132800622857474
20.45 5.34460901115095E-08 0.00471437779019843 0.131198729914352
20.5 5.13126641375569E-08 0.00461683249092127 0.129600568553741
20.55 4.89508833422958E-08 0.00452104614303409 0.128006170748995
20.6 4.65505946536672E-08 0.00442698492899271 0.12641556590613
20.65 4.4108046594757E-08 0.00433461591833586 0.124828781495207
20.7 4.21321614155053E-08 0.00424390590462572 0.123245842969707
20.75 4.03069794154982E-08 0.00415482271643304 0.121666773825092
20.8 3.89117132738324E-08 0.00406733481081412 0.120091595178236
20.85 3.64896203097955E-08 0.00398141110920954 0.118520326571786
20.9 3.41228749522478E-08 0.00389702061985903 0.116952984581889
20.95 3.24919042884832E-08 0.00381413294111957 0.115389584718312
21 3.1199873479441E-08 0.00373271854155132 0.113830140236694
21.05 2.93182155848611E-08 0.00365274788039931 0.112274661909982
21.1 2.79958849309763E-08 0.00357419246731585 0.110723159438453
21.15 2.64890153745045E-08 0.00349702327918998 0.109175640160671
21.2 2.59661033039106E-08 0.00342121275464258 0.107632109614274
21.25 2.54297114197179E-08 0.00334673307406037 0.106092571305409
21.3 2.43244441519797E-08 0.00327355757703545 0.104557026901452
21.35 2.29854088319549E-08 0.00320165905314714 0.103025476558046
21.4 2.22312898603737E-08 0.00313101172698146 0.10149791846064
21.45 2.0597088477202E-08 0.00306158939005033 0.0999743489002312
21.5 1.93457040884358E-08 0.00299336675871747 0.0984547620329126
21.55 1.87370695682181E-08 0.00292631833406922 0.0969391510943735
21.6 1.77051839638529E-08 0.00286041972124713 0.0954275073199157
21.65 1.66985056851547E-08 0.00279564602029243 0.0939198198136249
21.7 1.5802262906274E-08 0.00273197373008334 0.0924160762563721
21.75 1.51495918371893E-08 0.00266937910390287 0.0909162629412793
21.8 1.49342598929513E-08 0.00260783905234316 0.0894203640456697
21.85 1.41793393798415E-08 0.0025473303983438 0.0879283624920643
21.9 1.30532261651735E-08 0.00248783103950214 0.0864402392291305
21.95 1.22146647408942E-08 0.00242931851582923 0.0849559738563344
22 1.17205118572554E-08 0.00237177060085603 0.0834755440707066
22.05 1.16505214943201E-08 0.00231516531077425 0.0819989265820008
22.1 1.16039150134284E-08 0.00225948182874921 0.0805260959571874
22.15 1.06930358947207E-08 0.0022046993592173 0.0790570257151065
22.2 9.80948854074675E-09 0.00215079687091177 0.0775916877731929
22.25 9.62447998513637E-09 0.00209775386628759 0.0761300520901341
22.3 9.19206107481417E-09 0.00204555042556928 0.0746720872583738
22.35 8.71932379724341E-09 0.00199416681319987 0.0732177609306967
22.4 8.37726027378255E-09 0.00194358356419327 0.0717670390684881
22.45 7.7262787714505E-09 0.00189378068049775 0.0703198858432632
22.5 7.59005116171463E-09 0.00184473899243711 0.0688762640313765
22.55 7.72048989360538E-09 0.00179644048113036 0.0674361356573542
22.6 7.888782571497E-09 0.00174886653068145 0.0659994610253378
22.65 7.48489035016332E-09 0.00170199814421905 0.0645661987933318
22.7 6.85302473004584E-09 0.00165581762248 0.0631363059575483
22.75 5.93791672392669E-09 0.00161030716395997 0.0617097390845035
22.8 5.99957328036891E-09 0.00156544933818682 0.0602864527530123
22.85 5.56212626322113E-09 0.00152122643208451 0.0588664002409538
22.9 4.98592913842434E-09 0.00147762080468397 0.0574495336114228
22.95 4.79977908761376E-09 0.00143461580495045 0.0560358040248956
23 4.94557058482102E-09 0.00139219516831146 0.0546251607336815
23.05 4.79607454892245E-09 0.00135034186167849 0.0532175517606793
23.1 4.29022701374937E-09 0.00130903927325821 0.0518129240651891
23.15 3.44383636268166E-09 0.00126827151624411 0.0504112233501301
23.2 3.12183027850689E-09 0.0012280222071182 0.0490123938079862
23.25 3.20529084785398E-09 0.00118827610368773 0.0476163789294232
23.3 2.63747131685949E-09 0.00114901685973769 0.0462231203626431
23.35 1.9246002706673E-09 0.0011102286550561 0.044832558987081
23.4 2.33896250192797E-09 0.00107189643526578 0.0434446338958973
23.45 3.08886637732055E-09 0.00103400544864299 0.0420592835897357
23.5 3.91777342348861E-09 0.000996540146921594 0.040676445091737
23.55 3.38920220691111E-09 0.000959485488372626 0.0392960544406401
23.6 2.4122755767129E-09 0.000922826492644655 0.0379180460056589
23.65 2.26322892629821E-09 0.000886548873314429 0.0365423532837179
23.7 2.46778450877758E-09 0.000850638043318674 0.0351689091902322
23.75 1.46529583428197E-09 0.000815079202442013 0.0337976444644946
23.8 5.27164904411406E-10 0.000779857692813789 0.0324284891991383
23.85 4.51662843420258E-10 0.000744959702819238 0.0310613719709577
23.9 1.68176251188478E-09 0.000710371440389736 0.0296962208973643
23.95 2.2161964932223E-09 0.000676078403053428 0.0283329625950709
24 2.26303099605404E-09 0.000642066578613397 0.0269715227373447
24.05 1.78845380896411E-09 0.000608322159504872 0.0256118253523254
24.1 1.89029958604099E-09 0.000574831701093339 0.0242537939347961
24.15 1.78429463825973E-09 0.000541581196611715 0.0228973501871002
24.2 1.48109916535105E-09 0.000508556584335553 0.0215424155786784
24.25 5.88327791416144E-10 0.000475744669220118 0.020188909834563
24.3 -1.44469400516233E-10 0.000443132251637867 0.0188367518009886
24.35 -4.19999943491728E-10 0.00041070570321534 0.017485858868673
24.4 -1.61652135168511E-10 0.000378451059500406 0.0161361484072894
24.45 -9.61753650697615E-11 0.000346355652463932 0.0147875357554207
24.5 5.25181660146061E-10 0.000314406031372575 0.0134399352366184
24.55 5.22115548809131E-10 0.000282588908107056 0.0120932597252176
24.6 2.47782804224993E-10 0.000250890096556502 0.0107474219778257
24.65 3.77849851120002E-11 0.000219296928105317 0.0094023332072683
24.7 5.16323874392489E-10 0.000187796962849319 0.00805790385058529
24.75 2.55822927826969E-10 0.000156376507982541 0.0067140424704504
24.8 -3.71153501622484E-10 0.000125021551559364 0.0053706570511939
24.85 -9.3010342996341E-10 9.3719594952057E-05 0.00402765488409601
24.9 -2.90692961623705E-10 6.24579965605079E-05 0.00268494199034484
24.95 3.22944114900669E-10 3.12226481291635E-05 0.0013424225970525
