0.0001 9.999E-05
0.0101 0.00999800499947942
0.0231597376039689 0.0226266717762776
0.0386971264990239 0.037221134213118
0.0561637913060539 0.0530830521014604
0.0751386493339016 0.0696784639665151
0.0953330344860694 0.0866336330916593
0.116564344432826 0.103697428437794
0.138726039440797 0.12070259492191
0.161763345786998 0.137535823013528
0.18565599750277 0.154117191206502
0.210334102132799 0.170340443634362
0.23555406518123 0.186007432426624
0.261166796601701 0.201010944693156
0.287085745979443 0.215299687385882
0.313264350086685 0.228855251465722
0.339681079793916 0.241677803675359
0.366329895767045 0.253777524038289
0.39321431311318 0.265169619501351
0.420343786710829 0.275871487361335
0.447731555486694 0.285901140341256
0.475393390741088 0.295276358045193
0.503346899516497 0.304014249074699
0.531611167024266 0.312131040554306
0.560206606193357 0.319641990153991
0.5891549347897 0.32656136136184
0.618479232928888 0.332902429059864
0.648204053721864 0.338677497425348
0.678355572042254 0.343897920587534
0.708961763983846 0.348574121110678
0.740052614352085 0.352715603873693
0.771660352661525 0.356330964208911
0.8038197203133 0.359427889781887
0.836568273359623 0.362013155941641
0.869946726825676 0.364092614313651
0.903999348163741 0.365671174336323
0.938774409226518 0.366752777301972
0.974324708318897 0.367340362276026
1.01070817658304 0.367435823038697
1.04806162873826 0.367038688671297
1.08668044514067 0.366139222147647
1.12679511971873 0.364719157768903
1.16860412532187 0.362755309041588
1.2122943987306 0.360221337350628
1.25805509818488 0.357088559285728
1.30608780277238 0.3533262301106
1.35661508618005 0.348901524044123
1.40988877449006 0.343779318141282
1.46619891763422 0.337921822553378
1.5258844517589 0.331288059888838
1.58934667130817 0.323833165938739
1.65706699064105 0.31550745346023
1.72963114873672 0.306255140907022
1.80776319939217 0.296012586653901
1.89237474624077 0.284705765032388
1.98463878974942 0.272246530761014
2.08610515746344 0.258526849645307
2.19889032879497 0.243409401604192
2.32601046627277 0.226711191090962
2.47201819578975 0.208172222128613
2.64437730311329 0.187387363024036
2.85704288635955 0.163625465289715
3.09226175196759 0.139948307862149
3.33702952451016 0.118228293814879
3.58631460301165 0.0990301957893756
3.84006611604906 0.082281921327315
4.10071742011994 0.0677138972910047
4.37192251379505 0.0550456764381814
4.65812867090392 0.0440425213529974
4.96461594669309 0.0345211829154835
5.29783495829479 0.0263393930314209
5.66603431622282 0.019380963976376
6.08031836313451 0.0135382208170757
6.55652392560093 0.00868677262596225
7.11896171256578 0.00463493378913831
7.80950385571526 0.000981615742517111
8 9.57549630190534E-09
