0.01 -0.482348586323001 6 -0.499275831781279 0.5 -0.503921238827607 0.5 -0.500446214032778
0.005 -0.490894240675346 7 -0.499878896179215 0.25 -0.501898217246056 0.25 -0.500191011693626
0.0025 -0.495488235331809 8 -0.499997942243019 0.125 -0.500794558752228 0.125 -0.500078834696523
0.00125 -0.497885385996516 9 -0.500018773950884 0.0625 -0.500296342473122 0.0625 -0.500030987464383
0.000625 -0.499103397728743 10 -0.500021808033045 0.03125 -0.500093436556649 0.03125 -0.500010113797005
0.0003125 -0.499698760408203 11 -0.500021062323083 0.015625 -0.500019199707844 0.015625 -0.500001472804955
0.00015625 -0.499952559118834 12 -0.500019825677419 0.0078125 -0.499990781275725 0.0078125 -0.499996950196518
7.8125E-05 -0.500039022967341 13 -0.500018794049371 0.00390625 -0.499981519538435 0.00390625 -0.499994222418024
3.90625E-05 -0.500116576227936 14 -0.500017685590444 0.001953125 -0.499978323631699 0.001953125 -0.499992446998618
1.953125E-05 -0.500154831919895 15 -0.500016844101014 0.0009765625 -0.499977332683685 0.0009765625 -0.499991471250377
