500 0.0766156119860698 0.109592653589793  0.0627840937353227 0.0275176717797692 0.115568219376468 0.234258403499512
1000 0.0508788364646834 0.0464073464102071  0.0432886466882193 0.0256625514220876 0.0858040734137515 0.0453068680712354
1500 0.0424534115018823 0.00292598692312662  0.0355387109069997 0.000719545950347733 0.0700387360397762 0.03293350060477
2000 0.0360426414126379 0.042407346410207  0.0311688605691429 0.0118631924308188 0.0601720116579421 0.0913789614314675
2500 0.0328546822233909 0.00079265358979308  0.0272506295464505 0.0289177173344495 0.0545291728723574 0.0111419257862102
3000 0.0296760185010401 0.0237406797435402  0.0253248841021736 0.0397224289398226 0.0492551627437805 0.0280501874436321
3500 0.0274422822874275 0.026407346410207  0.0234669288785763 0.00217721928140424 0.0459072234465508 0.00381605150393716
4000 0.0259386969603332 0.00240734641020701  0.0215375999572683 0.0209603938971608 0.0428136975434196 0.00633359187455396
4500 0.0241348165881183 0.0326295686324292  0.0204670028195867 0.0355905682063837 0.0405590932345425 0.0486422585412809
5000 0.0233254648828271 0.0103926535897929  0.0194163124087912 0.0169963957954971 0.0380848901106406 0.0356937132464941
5500 0.0218630942700102 0.0293164373192978  0.0188267220936422 0.0102025340984251 0.0363669661510585 0.0359404715814762
6000 0.0214495100522478 0.0282593202564598  0.0177525042936459 0.0111601225187354 0.0349619303417247 0.023982002009912
6500 0.0201645317893804 0.0233304233332836  0.0170662159363007 0.00340438003682175 0.0333750430449774 0.00744748670131923
7000 0.0195070097291058 0.014407346410207  0.0164093307668557 0.0207425149406095 0.0326358469799023 0.0596110356060486
7500 0.0190746565388233 0.0141259869231263  0.0158519452354956 0.00380719227154058 0.0311562043080631 0.0397020682135705
8000 0.0183570013891158 0.000407346410206788  0.015393561158732 0.00972570194114386 0.0303898630737355 0.046764659392859
8500 0.0178292849432507 0.00229853594273433  0.0149265045268881 0.0271126414771503 0.0291040934735726 0.0302853116810615
9000 0.0174788095886559 0.0233704313675709  0.0145207180769477 0.0153012476124261 0.0284406002841405 0.0434242246839038
9500 0.0166131563172857 0.0323020832523122  0.0142783938510218 0.021614039058536 0.0276415012669464 0.0305039868067509
10000 0.0163405316926959 0.0116073464102069  0.0136638520762681 0.0191893179235731 0.0270914796682176 0.0218104148010654
10500 0.0160226579660542 0.000502584505444936  0.0135574459657384 0.0250233157070618 0.0263384762032613 0.00415310118206769
11000 0.0155489171147389 0.0162255282283885  0.0132009954586757 0.00830072799929749 0.0258942699595149 0.00506809209464887
11500 0.0152203126766453 0.0142334333667287  0.0128404498141658 0.0197591880382886 0.0253402226616438 0.00909845672384968
12000 0.0149820754014033 0.00140734641020668  0.0125541986847735 0.0188109928439699 0.0246146044072103 0.0177143835827032
12500 0.0147542818885909 0.0107126535897932  0.0122859584285113 6.47057415430474E-05 0.0242054763867182 0.0152854377446587
13000 0.0143523083709829 0.00825350025636062  0.0120701110812518 0.0170562412777344 0.023871953242478 0.0207882922689899
13500 0.0141316696602013 0.000333272336132673  0.0119027237145771 0.00867553513125463 0.0234033163236384 0.000135670359110218
14000 0.0139614387723742 0.0141640821612219  0.0116412251475849 0.0155238355168263 0.0228367240347809 0.000562817336139165
14500 0.013601249107521 0.00626941537572412  0.0114427655946694 0.0102633238136454 0.0224076318225912 0.0103340037677526
15000 0.0134143796366823 0.00105932025645972  0.0112444692416076 0.00666875860485794 0.0220970447319347 0.0211728737211967
15500 0.0132598987011402 0.0125603955252771  0.0110582537857665 0.00427142674395498 0.0216231796462845 0.0345427288770934
16000 0.0127574922839483 0.0399073464102071  0.0108838029026469 0.0130121029041455 0.0213238850123121 0.00160772346607807
16500 0.0127475748345434 0.00677098277384314  0.0107559444724302 0.00654124500790232 0.0211564522028909 0.0248620145122662
17000 0.0125871468662459 0.00146616993961857  0.0105448229406831 0.00106499486533718 0.0207359533695377 0.00249669661255725
17500 0.0123562419942948 0.01086448926735  0.0103389278474826 0.00991307420621457 0.0204139976749773 0.000292340280592107
18000 0.0121823176857908 0.0110740130768736  0.0102809204621421 0.013055568676406 0.0201009858706707 0.0221657944739215
18500 0.0120723189113076 0.000245184248044872  0.0100778204601694 0.00468361915715443 0.0198642624031335 0.000107101163690171
19000 0.0119036199517001 0.00198629377862813  0.00991895356908309 0.013659562555925 0.0196034024788418 0.00134245021122803
19500 0.0117967728165309 0.00743880743594705  0.00982818793025821 0.0118570698875029 0.0195025321908464 0.074744325923402
20000 0.0115624768972742 0.0100073464102071  0.00976386279414941 0.00734806010859268 0.0192278589322976 0.0155177533384085
20500 0.0114339657226975 0.00728539519069482  0.00963896661704909 0.0159729340596653 0.0189288966837726 0.0315808429449249
21000 0.0113040398877683 0.00583591783877813  0.00950218826689865 0.00077566941801388 0.0186469832782139 0.00900005825534
21500 0.0111890512094497 0.00222129989857889  0.00937941641631166 0.00671208874404972 0.0184308980341287 0.0103252348377585
22000 0.011022489406993 0.010407346410207  0.00927454262144203 0.00504892341074648 0.0182706524851463 0.00231970741364762
22500 0.011025676814265 0.0169704313675707  0.00918443662111939 0.00364615242780664 0.0180477761230791 0.0200910351949388
23000 0.0107761648529954 0.0112769116275984  0.00908684965191227 0.015690686139997 0.017826243250262 0.0113137562614276
23500 0.0106836351232775 0.00632224002722825  0.00893810045405686 0.00164774284164171 0.0176325619789723 0.000190400244855837
24000 0.0106356317178171 0.00792598692312652  0.00884475238588272 0.00176036777507171 0.0174663012285087 0.0117228097759248
24500 0.0105527877087564 0.0139191842020381  0.00881770419048994 0.0120290201035003 0.0172714092401149 0.000515455319308966
25000 0.0104252129578249 0.00895265358979325  0.00870515786154645 0.0124144265433976 0.0171495954612774 0.023051960790319
25500 0.0102991847070441 0.00355343790351847  0.00864652703141285 0.0116956081110358 0.0168372431857253 0.050306888379275
26000 0.0101846225352591 5.41920513317251E-05  0.00857334106775105 0.0171741347808103 0.0167987262730225 0.00503803607465336
26500 0.0100476774725209 0.00935074263662194  0.00845766268342077 0.00940020649881923 0.0166496344362333 0.00713280028614438
27000 0.00998506632729771 0.00211105011391055  0.00836616515036357 0.00956169676047702 0.0164653523062049 0.00955185107936796
27500 0.00989263086618244 0.00240734641020701  0.00835644956146198 0.0231891573123328 0.0163302406684431 0.00902003365215753
28000 0.00980628643495156 0.00183591783877812  0.00824410842979225 0.00751795371946873 0.016183001433827 0.0149687212261242
28500 0.00975670577426729 0.00713651323891584  0.00815434527822827 0.00875891411701968 0.0160777062668122 0.0260741057168183
29000 0.00967992339694719 0.0090409294518623  0.00811030541710084 0.00811863191342166 0.0158901926861548 0.000727100048621754
29500 0.00954147729013295 0.00484802437630849  0.00803017174312622 0.0105850865090815 0.0157620545478193 0.0217846857335484
30000 0.00945856254054142 0.0056073464102071  0.00797137650677939 0.00872086411605411 0.0156142226211247 0.0115863082756587
30500 0.00939404074858289 0.00227619886922348  0.00789720931410529 0.0108285869257805 0.0154067144624452 0.0194837410032731
31000 0.00931745500348327 0.00240734641020701  0.00780542576183169 0.00187510794328105 0.0153427000441971 0.0101920844736232
31500 0.00922720308479052 0.00647083847369911  0.00773594914796074 0.00650702265173786 0.0152588678828923 0.00727054580349584
32000 0.00919401299759795 0.00359265358979322  0.00769398675694887 0.00163335864030056 0.0151553968188562 0.0132489552234922
32500 0.00915274348845735 0.0113772689744085  0.00763876762447789 0.00657173419337154 0.0149832444385163 0.0120227770578456
33000 0.00910103568218226 0.0161381081352476  0.00758462151372699 0.00779256902643732 0.0149216344054389 0.0117275399244838
33500 0.00894067221971928 0.00825809267886379  0.00751568333640497 0.00354129543454018 0.0147596467052904 0.0262297640918456
34000 0.00888441498556098 0.00570146405726568  0.0074800536812053 0.00467335938805746 0.0147000585340483 0.0159682557250633
34500 0.00886852810324591 0.00733178402457568  0.00739618155760829 0.00493458171517114 0.0145789391164749 0.0197692685968085
35000 0.00879432629182667 0.00444979644693611  0.00732755776001728 0.00602282601174142 0.0144859751355585 0.00724803688582121
35500 0.00869855559533865 0.00466086753696748  0.00731107412116923 0.000425097556147502 0.0143364244327874 0.00506584040319291
36000 0.00861296019573604 0.0114073464102069  0.00728315158771283 0.00012831949286829 0.0142297894284535 0.00726388370254449
36500 0.0086473466381928 0.0143597768774644  0.00722427400262368 0.0056941170340381 0.0141941782877519 0.0212072035179811
37000 0.00856325540312359 0.00721427521141482  0.00715094733001336 0.00467640951681147 0.0140505873820466 0.0115769459712189
37500 0.00847269505741827 0.00208734641020669  0.00709615621579801 0.00042152685997987 0.0139751900291348 0.00118066198200273
38000 0.00846414452428982 0.011276864116109  0.00706794621111732 0.00438252887082857 0.0138599156694874 0.0184233594900709
38500 0.00837369222487131 0.00122901722615687  0.00700168389400664 0.00436216960416225 0.013796313736165 4.17411028363901E-06
39000 0.00833585091591869 0.00579778179492152  0.00695950368843577 0.00331200516762209 0.013704013715378 0.0031701609447552
39500 0.00823717869129317 0.00726810590387794  0.00694199529616785 0.00425426629878656 0.0136220297593349 0.00307798781685786
