1 0.338953509153311 -0.336962981141827 0
1.09090909090909 0.308543660919056 -0.329599029446751 0.0294266179566674
1.18181818181818 0.279472712992997 -0.307507174361522 0.0561394201764404
1.27272727272727 0.25307956568333 -0.270687415886142 0.0803209839740728
1.36363636363636 0.230703119298249 -0.21913975402061 0.102275604874154
1.45454545454545 0.213682274145951 -0.152864188764925 0.122429296611111
1.54545454545455 0.203355930534631 -0.0718607201190885 0.141329791129205
1.63636363636364 0.201062988772485 0.0238706519169003 0.159646538582534
1.72727272727273 0.208142349167708 0.134329927343041 0.178170707335032
1.81818181818182 0.225932912028497 0.259517106159335 0.197815183960468
1.90909090909091 0.255773577663046 0.39943218836578 0.219614573242448
2 0.299003246379552 0.554075173962377 0.244725198174415
2.09090909090909 0.35615316812028 0.69679360087345 0.274406744269509
2.18181818181818 0.424523991363779 0.800935007023325 0.309820346969095
2.27272727272727 0.500608714222667 0.866499392412 0.351826679051269
2.36363636363636 0.580900334809561 0.893486757039476 0.400967594940731
2.45454545454545 0.661891851237081 0.881897100905752 0.457466130708784
2.54545454545455 0.740076261617843 0.831730424010829 0.521226504073329
2.63636363636364 0.811946564064468 0.742986726354706 0.591834114398873
2.72727272727273 0.873995756689572 0.615666007937385 0.66855554269652
2.81818181818182 0.922716837605774 0.449768268758863 0.75033855162398
2.90909090909091 0.954602804925693 0.245293508819143 0.835812085485561
3 0.966146656761946 0.0022417281182241 0.923286270232176
3.09090909090909 0.954947364038808 -0.242889970559241 1.01077754920706
3.18181818181818 0.923027788927178 -0.453604484428595 1.09628517634867
3.27272727272727 0.873516766409612 -0.62990181348984 1.17806770939364
3.36363636363636 0.809543131468665 -0.771781957742973 1.25466814562244
3.45454545454545 0.734235719086893 -0.879244917187997 1.32491392185943
3.54545454545455 0.650723364246851 -0.95229069182491 1.38791691447283
3.63636363636364 0.562134901931094 -0.990919281653714 1.44307343937474
3.72727272727273 0.471599167122179 -0.995130686674407 1.49006425202112
3.81818181818182 0.38224499480266 -0.964924906886989 1.52885454741179
3.90909090909091 0.297201219955093 -0.900301942291462 1.55969396009045
4 0.219596677562034 -0.801261792887825 1.58311656414467
4.09090909090909 0.152000918408236 -0.686260837203541 1.59992816220139
4.18181818181818 0.0947463564872443 -0.573755453766079 1.61106646437746
4.27272727272727 0.0476061215948024 -0.463745642575436 1.61746126723024
4.36363636363636 0.0103533435266552 -0.356231403631615 1.62002174275301
4.45454545454546 -0.0172388479214552 -0.251212736934613 1.61963643837508
4.54545454545454 -0.0353973229537842 -0.148689642484433 1.61717327696171
4.63636363636364 -0.0443489517745888 -0.0486621202810707 1.61347955681414
4.72727272727273 -0.0443206045881251 0.0488698296754689 1.60938195166958
4.81818181818182 -0.0355391515986495 0.14390620738519 1.60568651070124
4.90909090909091 -0.0182314630104184 0.23644701284809 1.60317865851828
5 0.00737559097231166 0.32649224606417 1.60262319516584
5.09090909090909 0.0408691899205778 0.407905549618113 1.6047600699836
5.18181818181818 0.081092712506591 0.474550566094602 1.61025789404952
5.27272727272727 0.126703587177855 0.526427295493639 1.61966745262374
5.36363636363636 0.176359242381875 0.563535737815223 1.63341747900709
5.45454545454545 0.228717106566155 0.585875893059354 1.65181465454106
5.54545454545455 0.282434608178199 0.593447761226032 1.67504360860784
5.63636363636364 0.336169175665511 0.586251342315256 1.70316691863029
5.72727272727273 0.388578237475596 0.564286636327028 1.73612511007195
5.81818181818182 0.438319222055957 0.527553643261346 1.77373665643707
5.90909090909091 0.484049557854099 0.476052363118211 1.81569797927054
6 0.524426673317527 0.409782795897624 1.86158344815797
6.09090909090909 0.558423901981187 0.339169809485192 1.91085256038671
6.18181818181818 0.586278197729797 0.274638271766528 1.96292891721773
6.27272727272727 0.608542419535518 0.216188182741629 2.0172792001575
6.36363636363636 0.62576942637051 0.163819542410496 2.07342035061902
6.45454545454545 0.638512077206934 0.11753235077313 2.13091956992188
6.54545454545455 0.647323231016951 0.07732660782953 2.18939431929221
6.63636363636364 0.652755746772721 0.0432023135796964 2.24851231986271
6.72727272727273 0.655362483446404 0.0151594680236291 2.30799155267264
6.81818181818182 0.655696300010162 -0.00680192883867195 2.36760025866781
6.90909090909091 0.654310055436154 -0.0226818770072069 2.42715693870061
7 0.651756608696541 -0.0324803764819754 2.48653035352998
7.09090909090909 0.648504783498132 -0.0389705910195902 2.545637613929
7.18181818181818 0.644687262486329 -0.0449256843766635 2.60442317186862
7.27272727272727 0.64035269304118 -0.0503456565531953 2.66283781170126
7.36363636363636 0.635549722542734 -0.0552305075491857 2.72083674026844
7.45454545454545 0.630326998371041 -0.0595802373646347 2.77837958690075
7.54545454545455 0.62473316790615 -0.0633948459995422 2.83543040341792
7.63636363636364 0.618816878528111 -0.0666743334539082 2.89195766412874
7.72727272727273 0.612626777616971 -0.0694186997277328 2.94793426583112
7.81818181818182 0.606211512552782 -0.071627944821016 3.00333752781204
7.90909090909091 0.599619730715591 -0.0733020687337577 3.0581491918476
8 0.592900079485448 -0.074441071465958 3.11235542220297
8.09090909090909 0.586058502108334 -0.0764541894418815 3.16594583508394
8.18181818181818 0.578930125293955 -0.0807506590857929 3.21890282260335
8.27272727272727 0.571307371617948 -0.0873304803976924 3.27119087674764
8.36363636363636 0.562982663655951 -0.0961936533775797 3.32275561882825
8.45454545454545 0.5537484239836 -0.107340178025455 3.37352379948174
8.54545454545455 0.543397075176535 -0.120770054341319 3.42340329866968
8.63636363636364 0.531721039810391 -0.13648328232517 3.47228312567871
8.72727272727273 0.518512740460807 -0.154479861977009 3.52003341912055
8.81818181818182 0.50356459970342 -0.174759793296836 3.56650544693196
8.90909090909091 0.486669040113868 -0.197323076284651 3.61153160637474
9 0.467618484267787 -0.222169710940454 3.65492542403579
9.09090909090909 0.446275747549132 -0.246976734589806 3.6964831556636
9.18181818181818 0.422785216575122 -0.269421184558267 3.73600138437032
9.27272727272727 0.397361670771292 -0.289503060845837 3.77329461883393
9.36363636363636 0.370219889563179 -0.307222363452517 3.80819689313467
9.45454545454546 0.341574652376316 -0.322579092378306 3.84056176675515
9.54545454545454 0.311640738636241 -0.335573247623205 3.87026232458027
9.63636363636364 0.280632927768488 -0.346204829187213 3.89719117689726
9.72727272727273 0.248765999198593 -0.35447383707033 3.92126045939568
9.81818181818182 0.216254732352091 -0.360380271272556 3.94240183316741
9.90909090909091 0.183313906654519 -0.363924131793892 3.96056648470664
10 0.150158301531411 -0.365105418634338 3.97572512590988
