1 0.357865535820772 0
1.09090909090909 0.381741869525779 0.0336185184248432
1.18181818181818 0.405618203230786 0.0694076126410508
1.27272727272727 0.429494536935794 0.107367282648623
1.36363636363636 0.453370870640801 0.147497528447559
1.45454545454545 0.477247204345808 0.189798350037859
1.54545454545455 0.501123538050816 0.234269747419524
1.63636363636364 0.524999871755823 0.280911720592553
1.72727272727273 0.54887620546083 0.329724269556946
1.81818181818182 0.572752539165838 0.380707394312704
1.90909090909091 0.596628872870845 0.433861094859826
2 0.620505206575852 0.489185371198312
2.09090909090909 0.640157800804558 0.546488235170149
2.18181818181818 0.659810395033264 0.605577698617323
2.27272727272727 0.67946298926197 0.666453761539833
2.36363636363636 0.699115583490676 0.729116423937681
2.45454545454545 0.718768177719383 0.793565685810866
2.54545454545455 0.738420771948088 0.859801547159387
2.63636363636364 0.758073366176795 0.927824007983245
2.72727272727273 0.777725960405501 0.997633068282441
2.81818181818182 0.797378554634206 1.06922872805697
2.90909090909091 0.817031148862913 1.14261098730684
3 0.836683743091619 1.21777984603205
3.09090909090909 0.773224532456284 1.29095749492059
3.18181818181818 0.70976532182095 1.35836612466046
3.27272727272727 0.646306111185615 1.42000573525167
3.36363636363636 0.582846900550281 1.47587632669421
3.45454545454545 0.519387689914947 1.52597789898809
3.54545454545455 0.455928479279612 1.57031045213329
3.63636363636364 0.392469268644278 1.60887398612983
3.72727272727273 0.329010058008943 1.64166850097771
3.81818181818182 0.265550847373609 1.66869399667691
3.90909090909091 0.202091636738274 1.68995047322745
4 0.13863242610294 1.70543793062933
4.09090909090909 0.166815923731561 1.7193219465309
4.18181818181818 0.194999421360183 1.73576809858052
4.27272727272727 0.223182918988804 1.7547763867782
4.36363636363636 0.251366416617425 1.77634681112394
4.45454545454546 0.279549914246046 1.80047937161773
4.54545454545454 0.307733411874667 1.82717406825958
4.63636363636364 0.335916909503289 1.85643090104949
4.72727272727273 0.364100407131909 1.88824986998745
4.81818181818182 0.392283904760531 1.92263097507347
4.90909090909091 0.420467402389152 1.95957421630755
5 0.448650900017773 1.99907959368968
5.09090909090909 0.491588521639032 2.04181774921954
5.18181818181818 0.534526143260291 2.08845932489678
5.27272727272727 0.57746376488155 2.13900432072141
5.36363636363636 0.620401386502809 2.19345273669343
5.45454545454545 0.663339008124068 2.25180457281283
5.54545454545455 0.706276629745327 2.31405982907962
5.63636363636364 0.749214251366586 2.3802185054938
5.72727272727273 0.792151872987845 2.45028060205536
5.81818181818182 0.835089494609104 2.52424611876432
5.90909090909091 0.878027116230363 2.60211505562065
6 0.920964737851622 2.68388741262438
6.09090909090909 0.86751291585674 2.76518185142931
6.18181818181818 0.814061093861858 2.84161703368924
6.27272727272727 0.760609271866977 2.91319295940419
6.36363636363636 0.707157449872095 2.97990962857415
6.45454545454545 0.653705627877213 3.04176704119912
6.54545454545455 0.600253805882331 3.0987651972791
6.63636363636364 0.546801983887449 3.15090409681409
6.72727272727273 0.493350161892567 3.19818373980409
6.81818181818182 0.439898339897685 3.2406041262491
6.90909090909091 0.386446517902804 3.27816525614912
7 0.332994695907922 3.31086712950415
7.09090909090909 0.314245086605944 3.34028711961842
7.18181818181818 0.295495477303966 3.36800259979614
7.27272727272727 0.276745868001989 3.39401357003732
7.36363636363636 0.257996258700011 3.41832003034196
7.45454545454545 0.239246649398033 3.44092198071005
7.54545454545455 0.220497040096055 3.4618194211416
7.63636363636364 0.201747430794077 3.48101235163661
7.72727272727273 0.1829978214921 3.49850077219507
7.81818181818182 0.164248212190122 3.51428468281699
7.90909090909091 0.145498602888144 3.52836408350236
8 0.126748993586166 3.5407389742512
8.09090909090909 0.132800455266982 3.55253667647179
8.18181818181818 0.138851916947799 3.56488451157247
8.27272727272727 0.144903378628615 3.57778247955321
8.36363636363636 0.150954840309431 3.59123058041403
8.45454545454545 0.157006301990247 3.60522881415493
8.54545454545455 0.163057763671064 3.6197771807759
8.63636363636364 0.16910922535188 3.63487568027694
8.72727272727273 0.175160687032696 3.65052431265806
8.81818181818182 0.181212148713512 3.66672307791925
8.90909090909091 0.187263610394329 3.68347197606051
9 0.193315072075145 3.70077100708185
9.09090909090909 0.218930963063115 3.7195094632245
9.18181818181818 0.244546854051085 3.74057663672969
9.27272727272727 0.270162745039055 3.76397252759743
9.36363636363636 0.295778636027024 3.7896971358277
9.45454545454546 0.321394527014994 3.81775046142052
9.54545454545454 0.347010418002964 3.84813250437588
9.63636363636364 0.372626308990934 3.88084326469379
9.72727272727273 0.398242199978904 3.91588274237423
9.81818181818182 0.423858090966874 3.95325093741722
9.90909090909091 0.449473981954843 3.99294784982276
10 0.475089872942814 4.03497347959083
