0.0001 9.999E-05
0.0101 0.00999800499948711
0.0231597376042201 0.0226266717788607
0.0386971265297964 0.0372211342544058
0.0561637914366883 0.0530830522589737
0.0751386496756072 0.0696784643589153
0.095333035191514 0.0866336338744815
0.116564345695015 0.103697429798343
0.138726041492595 0.120702597074878
0.161763348901823 0.137535826197804
0.185656001996592 0.1541171956831
0.21033410497713 0.170340447518124
0.235554064501875 0.186007434876608
0.261166791316061 0.201010945528759
0.287085735526634 0.215299686821798
0.313264334241887 0.228855249941997
0.339681058546424 0.241677801753355
0.366329869242517 0.253777522339106
0.393214281525155 0.265169618670429
0.420343750331099 0.275871488048774
0.447731514627631 0.285901143191385
0.47539334574546 0.295276363691512
0.503346850751977 0.304014258137895
0.531611114880865 0.312131053642003
0.560206551082713 0.31964200786149
0.589154877145554 0.326561384273397
0.618479173208357 0.332902457750287
0.648203992407286 0.338677532461783
0.678355509643482 0.343897962531383
0.70896170104092 0.348574170519639
0.740052551438282 0.352715661303909
0.771660290386781 0.356331030217263
0.803819659328041 0.359427964928445
0.836568214359055 0.362013240792323
0.869946670554576 0.364092709443122
0.903999295421843 0.3656712803312
0.938774360874553 0.366752894764395
0.9743246652854 0.367340491827681
1.01070813987203 0.367435965325388
1.0480615928089 0.367038844510062
1.08668040643185 0.366139392669443
1.12679507580277 0.36471934433429
1.16860407440527 0.362755513207263
1.21229433934534 0.360221560863892
1.25805502898576 0.357088804096178
1.30608772239131 0.353326498394354
1.35661499310641 0.348901818239189
1.40988866695504 0.34377964099485
1.46619879348037 0.337922177183616
1.52588430827484 0.331288449865675
1.58934650500284 0.323833595390623
1.65706679691939 0.315507927217584
1.72963092141607 0.306255664698976
1.80776292995597 0.296013167384705
1.89237442264547 0.284706411181024
1.98463839443812 0.272247252978933
2.08610466389571 0.258527661688317
2.19888969501148 0.243410321862341
2.32600962201228 0.226712245273298
2.47201701391235 0.208173448418441
2.64437552619681 0.187388823351329
2.85703988877591 0.163627275694079
3.09225729520673 0.139950521113731
3.33702339653608 0.118230953221169
3.58630646694472 0.0990333598382998
3.84005538883717 0.0822856777053004
4.10070313341532 0.0677183743841445
4.37190308964206 0.0550510594667967
4.65810151518683 0.0440490793005436
4.9645766749432 0.0345293153452568
5.29777584650048 0.0263497146168979
5.66594100132434 0.019394465616892
6.08016223774619 0.0135565999101425
6.55624272695771 0.00871317868115618
7.11840261490654 0.00467589184960375
7.80821776581095 0.00105310493204366
8 7.65799229056668E-05
