
         1          0          0          0 
         0          1          0          0 
         0          0          1          0 

         1          0          0          0 
         0          1          2          0 
         0          0          1          0 

        10          0          0          0 
        20          1          2          0 
        30          0          1          0 

        10          0          0          0 
        -1         -2         -3         -4 
        30          0          1          0 
