1 0.617743431878157 0
1.09090909090909 0.599238664571857 0.0553173680204551
1.18181818181818 0.580733897265558 0.10895248446761
1.27272727272727 0.562229129959259 0.160905349341466
1.36363636363636 0.543724362652959 0.211175962642021
1.45454545454545 0.52521959534666 0.259764324369277
1.54545454545455 0.50671482804036 0.306670434523232
1.63636363636364 0.488210060734061 0.351894293103887
1.72727272727273 0.469705293427762 0.395435900111243
1.81818181818182 0.451200526121462 0.437295255545299
1.90909090909091 0.432695758815163 0.477472359406054
2 0.414190991508863 0.51596721169351
2.09090909090909 0.444806385780806 0.555012547024859
2.18181818181818 0.475421780052749 0.596841100017293
2.27272727272727 0.506037174324692 0.641452870670813
2.36363636363636 0.536652568596634 0.688847858985419
2.45454545454545 0.567267962868577 0.73902606496111
2.54545454545455 0.59788335714052 0.791987488597887
2.63636363636364 0.628498751412463 0.84773212989575
2.72727272727273 0.659114145684406 0.906259988854699
2.81818181818182 0.689729539956348 0.967571065474733
2.90909090909091 0.720344934228291 1.03166535975585
3 0.750960328500234 1.09854287169806
3.09090909090909 0.711795607024201 1.16503177785826
3.18181818181818 0.672630885548168 1.22796025479337
3.27272727272727 0.633466164072134 1.28732830250338
3.36363636363636 0.594301442596101 1.3431359209883
3.45454545454545 0.555136721120068 1.39538311024813
3.54545454545455 0.515971999644035 1.44406987028286
3.63636363636364 0.476807278168002 1.4891962010925
3.72727272727273 0.437642556691969 1.53076210267704
3.81818181818182 0.398477835215935 1.56876757503649
3.90909090909091 0.359313113739902 1.60321261817085
4 0.320148392263869 1.63409723208011
4.09090909090909 0.297516562691157 1.66217291185079
4.18181818181818 0.274884733118444 1.68819115256941
4.27272727272727 0.252252903545732 1.71215195423596
4.36363636363636 0.229621073973019 1.73405531685045
4.45454545454546 0.206989244400307 1.75390124041288
4.54545454545454 0.184357414827595 1.77168972492324
4.63636363636364 0.161725585254882 1.78742077038153
4.72727272727273 0.13909375568217 1.80109437678776
4.81818181818182 0.116461926109457 1.81271054414193
4.90909090909091 0.0938300965367448 1.82226927244403
5 0.0711982669640324 1.82977056169406
5.09090909090909 0.075593357771615 1.83644290827295
5.18181818181818 0.0799884485791976 1.84351480856163
5.27272727272727 0.0843835393867802 1.85098626256008
5.36363636363636 0.0887786301943628 1.85885727026831
5.45454545454545 0.0931737210019454 1.86712783168633
5.54545454545455 0.097568811809528 1.87579794681412
5.63636363636364 0.101963902617111 1.8848676156517
5.72727272727273 0.106358993424693 1.89433683819905
5.81818181818182 0.110754084232276 1.90420561445619
5.90909090909091 0.115149175039858 1.9144739444231
6 0.119544265847441 1.9251418280998
6.09090909090909 0.130218792132373 1.93649469437161
6.18181818181818 0.140893318417305 1.94881797212387
6.27272727272727 0.151567844702238 1.96211166135657
6.36363636363636 0.16224237098717 1.97637576206973
6.45454545454545 0.172916897272102 1.99161027426333
6.54545454545455 0.183591423557034 2.00781519793738
6.63636363636364 0.194265949841967 2.02499053309188
6.72727272727273 0.204940476126899 2.04313627972683
6.81818181818182 0.215615002411831 2.06225243784223
6.90909090909091 0.226289528696763 2.08233900743807
7 0.236964054981696 2.10339598851437
7.09090909090909 0.228213456777278 2.12454042086705
7.18181818181818 0.21946285857286 2.14488934429205
7.27272727272727 0.210712260368442 2.16444275878938
7.36363636363636 0.201961662164025 2.18320066435904
7.45454545454545 0.193211063959607 2.20116306100103
7.54545454545455 0.184460465755189 2.21832994871533
7.63636363636364 0.175709867550772 2.23470132750197
7.72727272727273 0.166959269346354 2.25027719736093
7.81818181818182 0.158208671141936 2.26505755829222
7.90909090909091 0.149458072937519 2.27904241029583
8 0.140707474733101 2.29223175337176
8.09090909090909 0.139341466447709 2.30496125069816
8.18181818181818 0.137975458162317 2.31756656545317
8.27272727272727 0.136609449876925 2.33004769763677
8.36363636363636 0.135243441591534 2.34240464724897
8.45454545454545 0.133877433306142 2.35463741428977
8.54545454545455 0.13251142502075 2.36674599875918
8.63636363636364 0.131145416735358 2.37873040065718
8.72727272727273 0.129779408449966 2.39059061998379
8.81818181818182 0.128413400164575 2.402326656739
8.90909090909091 0.127047391879183 2.4139385109228
9 0.125681383593791 2.42542618253521
9.09090909090909 0.194542738826606 2.43998182446341
9.18181818181818 0.26340409405942 2.46079758959459
9.27272727272727 0.332265449292235 2.48787347792876
9.36363636363636 0.401126804525049 2.52120948946591
9.45454545454546 0.469988159757864 2.56080562420604
9.54545454545454 0.538849514990678 2.60666188214916
9.63636363636364 0.607710870223493 2.65877826329526
9.72727272727273 0.676572225456307 2.71715476764434
9.81818181818182 0.745433580689123 2.7817913951964
9.90909090909091 0.814294935921936 2.85268814595145
10 0.883156291154752 2.92984501990948
