0 1
0.01 0.995
0.03 0.9850015
0.0624057310703715 0.968813800790224
0.106219030412428 0.946979733642223
0.159124433007661 0.92075036264034
0.218667592401515 0.89149555982861
0.282829035052754 0.860402569398732
0.350158473362212 0.828392775623089
0.419709172006267 0.796144549806539
0.490918956590143 0.764149766674111
0.563500904080179 0.732770549250595
0.637362021245271 0.702285212818464
0.712550154853122 0.672922394845577
0.789224435542473 0.644885861771108
0.867644994207138 0.618373239232391
0.948180205906852 0.593591842006279
1.03133357245309 0.570774822142975
1.11545785961394 0.55071635174679
1.19877728922487 0.533989161982159
1.28043561481095 0.52073976435494
1.360165958444 0.510891705772783
1.43803931208321 0.504279190638664
1.51430119511688 0.500721425829939
1.58927620932285 0.500058474088752
1.66331729588548 0.502165681322119
1.73678200552136 0.506957595309165
1.81002429301305 0.514387524353856
1.88339504927208 0.524445932369233
1.95724769196978 0.537159254536555
2.03194709597594 0.552589933128823
2.10788141918963 0.570838170319785
2.18547733680611 0.59204588654887
2.26522014758984 0.616403591966706
2.34768150044492 0.64416136085607
2.43318776491366 0.675504019822524
2.51914510185644 0.709408102502071
2.60408718738131 0.745025313222644
2.68733406077716 0.781720384548185
2.76868465740673 0.819043965289768
2.84819939302795 0.856684909894163
2.92606533842889 0.894425249981231
3.00251988384545 0.932105613000761
3.07781100249024 0.969601323278465
3.15217877348402 1.00680690175373
3.22584860787635 1.04362642089689
3.29903062228824 1.07996765751955
3.37192209753653 1.11573857628222
3.44471143298745 1.15084516069068
3.51758285847451 1.1851899507546
3.59072166201325 1.21867086758293
3.66432000273109 1.25118003459288
3.7385836140066 1.28260236600858
3.81373994327964 1.31281369857511
3.89004860374896 1.34167819190138
3.96781554422234 1.36904459946197
4.04741328381898 1.39474076984254
4.12931133559426 1.41856527041452
4.21412452826802 1.44027408787706
4.30269474833754 1.45955834311376
4.3962404089513 1.47600418668969
4.49463043590134 1.48879787897304
4.59463043590134 1.49694095089653
4.69463043590134 1.50010239336408
4.79463043590134 1.49825038837422
4.89463043590134 1.49140337694078
4.99463043590134 1.47962987547822
5.09463043590134 1.46304779017646
5.19463043590134 1.44182323622605
5.29463043590134 1.41616887371862
5.39463043590134 1.3863417768931
5.49402463138074 1.35285665125268
5.59040847667082 1.31704737354638
5.68294440137011 1.27988910645361
5.77164219402299 1.24201687696891
5.85688878899059 1.20381974597819
5.93919305285409 1.16553257174206
6.01906505656853 1.12730249299605
6.09696776106851 1.08923101810521
6.17330402505141 1.05139861842262
6.24841924238372 1.0138782631052
6.28318530717959 0.996485775129685
