0 1
0.01 0.9950005
0.0282731899093462 0.985868667654361
0.0549071893210649 0.972572873570604
0.0886123151347562 0.955784657879437
0.127664246380001 0.93640905237966
0.170491867437868 0.915287043049934
0.215887152703173 0.893085166433915
0.263006998844444 0.870290363316946
0.311300541324726 0.847244201176686
0.360427935457844 0.824183025238928
0.410193847172451 0.801271706148046
0.460499501745414 0.778628550612768
0.511310452658694 0.756342537504634
0.562635966328998 0.73448485303546
0.614516495246464 0.713116512852806
0.66701667979585 0.692293433267044
0.720222195534003 0.672069917820085
0.774239449564377 0.652501229238587
0.829197660711259 0.633645721536044
0.885253307322977 0.615566897438418
0.942597386126542 0.598335721327774
1.00121857087544 0.582099278023396
1.05986825390564 0.567304914120113
1.11783270287312 0.554157888647966
1.17476413979784 0.54271456811791
1.23054411156518 0.532950580192953
1.28518772361104 0.524804228903425
1.33878207270113 0.518201599469525
1.39144906078034 0.513069873919534
1.4433241495987 0.509343697608476
1.49454498190206 0.506967726605916
1.54524587141754 0.505897223915508
1.59555566860372 0.50609775841728
1.64559750573716 0.507544573538655
1.69548955268275 0.51022191615314
1.74534629838523 0.514122466048251
1.79528010350868 0.519246928929536
1.84540290719099 0.525603819373542
1.89582805412929 0.53320944619722
1.94667226139946 0.542088111474394
1.99805778299756 0.552272540939974
2.05011486461517 0.563804575830819
2.10298461996654 0.576736174412267
2.15682251143155 0.591130797375039
2.21180269251847 0.607065288846282
2.26812358379651 0.624632420886684
2.32601523437394 0.643944356233164
2.38534814796412 0.664990806455822
2.44487306403315 0.687307203163393
2.50386633694024 0.710534972750559
2.5619631013169 0.73441240558493
2.61902228483611 0.758754474604722
2.6750322758444 0.783431770493693
2.73005052974004 0.808352910946928
2.78416723951881 0.833451408242007
2.83748463531123 0.85867650220737
2.8901058836077 0.883987040349396
2.94212964304999 0.909347521592284
2.99364783094959 0.934725602074943
3.04474513774923 0.96009055516896
3.09549944046434 0.985412337312699
3.14598263734604 1.01066102879108
3.19626164536719 1.03580650014628
3.24639942929441 1.06081820935151
3.29645600350642 1.08566507021876
3.3464893882363 1.11031535489557
3.39655652432364 1.13473660711565
3.44671416309075 1.15889555107607
3.49701975553915 1.18275798536464
3.54753237073008 1.20628865348129
3.59831367897101 1.2294510829094
3.64942904282281 1.25220738376454
3.70094876947305 1.27451799586937
3.75294959353004 1.29634136951555
3.8055164824118 1.31763355973715
3.85874489132449 1.33834770581573
3.91274364801563 1.35843335555018
3.96763873031941 1.37783557513062
4.02357833167806 1.39649375602636
4.08073982701811 1.41433998251828
4.13933962100262 1.43129674311203
4.19964751636182 1.44727362806075
4.26200846176741 1.46216239549831
4.32687695439919 1.47582928138786
4.39487450963566 1.4881023638753
4.46491547954178 1.49848931865261
4.5358781840948 1.50662860654815
4.60709934827862 1.51234434539033
4.67823008913621 1.51557171155541
4.74912503751235 1.51630536974904
4.81976552293384 1.51456728187283
4.89020983876921 1.51038799782908
4.96056275525102 1.50379636733629
5.03095794804711 1.49481410248664
5.10154887110401 1.48345290033886
5.17250516939523 1.46971272335929
5.24401289286186 1.45358038287569
5.31627761515646 1.43502786935063
5.38887540939563 1.41420772224216
5.45993468849535 1.39181398969706
5.52861954917003 1.36837875953823
5.59471670994408 1.34426702200191
5.65833364588852 1.31971259421901
5.71971568727904 1.29485980254465
5.77914784962746 1.26979708513962
5.83690762521536 1.24458023684354
5.89324554803634 1.2192471669955
5.94837977658111 1.19382674061424
6.00249716632802 1.16834382596824
6.05575694116137 1.14282203500496
6.10829506319462 1.11728511671255
6.16022844340677 1.09175759444427
6.2116586614315 1.06626499886337
6.26267511577409 1.04083389969021
6.31335763840309 1.01549185011424
6.36377865052404 0.99026730536897
6.41400494610646 0.965189547083533
6.46409918516748 0.940288628546256
6.51412116926487 0.915595347398649
6.56412896159924 0.89114124819958
6.6141799055972 0.866958655814943
6.66433158969976 0.843080740594057
6.71464280267656 0.819541617201913
6.76517452337638 0.796376480518808
6.81599099177507 0.773621784141609
6.86716091516405 0.751315469833605
6.91875887552083 0.729497260042531
6.97086702352453 0.708209030808412
7.02357717467017 0.687495289780621
7.07699346908308 0.667403794905979
7.13123582842406 0.647986365716326
7.18644455720522 0.629299964600382
7.24278662154702 0.611408166322478
7.30046445123012 0.594383202049386
7.359107725755 0.578469849236845
7.41759713673448 0.564054857684945
7.47531004656567 0.551304923383575
7.53195676922012 0.540254901990223
7.58745305846238 0.530870119473089
7.6418325966051 0.52308519391084
7.69519151742207 0.516826090979451
7.74765527167418 0.512021608788057
7.7993599121575 0.508608724815953
7.85044222619129 0.506534615641394
7.90103509549308 0.505757005735837
7.95126584491238 0.506243770717328
8.00125624518984 0.507972288420707
8.0511234001151 0.510928787991
8.10098109249139 0.515107816378846
8.15094136954741 0.520511875097336
8.20111627175515 0.527151249528647
8.25161968426366 0.535044042427097
8.30256933926252 0.544216423950888
8.35408903467028 0.554703118382318
8.40631116947531 0.566548161215258
8.45937973702933 0.579805979980395
8.51345397328062 0.594542880292818
8.56871293890501 0.610839059595986
8.62536144051328 0.628791332818861
8.68363789702506 0.648516850529501
8.74304559329603 0.669869729346258
8.80246117798082 0.692407724896796
8.86124968231814 0.71579425795166
8.91910263994109 0.739785728511967
8.97591205183274 0.764210552574255
9.03168416435992 0.788948646275185
9.08648503396621 0.813914790105237
9.14040813852069 0.839046415150204
9.19355612141537 0.864295167251386
9.24603113913695 0.889621316215082
9.29793024173803 0.914990161072769
9.34934358924646 0.940369773474845
9.40035419794519 0.965729609271243
9.45103846269312 0.991039668506993
9.50146703381124 1.0162699930989
9.5517058227407 1.04139036643029
9.60181702375417 1.06637012883943
9.6518601031909 1.09117805509927
9.70189274352884 1.11578226023438
9.75197174944689 1.14015011243427
9.80215393424178 1.16424813912351
9.85249701198443 1.18804191620444
9.90306052638872 1.2114959322009
9.95390685339083 1.23457341913859
10.0051023224084 1.25723614080187
10.0567185127134 1.27944412654483
10.1088337982869 1.30115533489063
10.1615352398076 1.32232522521677
10.2149209606141 1.34290620696823
10.269103202025 1.36284692247257
10.3242123450233 1.38209129881715
10.3804023323936 1.40057727158701
10.4378581688509 1.41823502983769
10.4968065945967 1.43498454100733
10.5575317765491 1.4507319538248
10.6203992738346 1.46536417779163
10.6858943681649 1.47874034429001
10.7546362550026 1.49066957913901
10.8250643221975 1.50059314811611
10.8961920162053 1.5082057137979
10.967451596576 1.51336657771672
11.0385574317112 1.51603079285585
11.1094042548084 1.51620301228759
11.1799981045098 1.51390928304698
11.250412285495 1.50918091801247
11.320760771331 1.50204574407544
11.3911831935053 1.49252351210922
11.4618373824068 1.48062344032921
11.5328968905196 1.46634265756186
11.6045519999878 1.44966478932201
11.6770134937986 1.43055817869165
11.7493083348402 1.40934680283304
11.8198280253449 1.38669230401995
11.8879017681989 1.36308787276399
11.9534039693349 1.33886612750692
12.0164811358256 1.31423815112296
12.0773909637736 1.28933384770281
12.136417797347 1.26423315449122
12.1938329580213 1.23898717945697
12.2498791468558 1.21363144685899
12.3047668187175 1.18819375577527
12.358675984238 1.16269862624476
12.4117600906448 1.13716968746408
12.4641503652939 1.11163087311389
12.5159599075837 1.08610695255728
12.5672872664123 1.06062371076381
12.6182194551256 1.03520795676501
12.6688344496463 1.00988746079757
12.7192032493757 0.984690873810638
12.769391586339 0.959647656633359
12.8194613620984 0.934788031671163
12.8694718822295 0.910142962559636
12.9194809484484 0.885744163794064
12.9695458605155 0.861624141244205
13.019724374528 0.83781626468811
13.0700756614887 0.814354874548728
13.120661310347 0.791275426677422
13.1715464234965 0.768614681282755
13.2228008607223 0.746410945093826
13.2745007011809 0.724704379883321
13.3267300143921 0.703537396079914
13.3795830641899 0.682955158224695
13.4331671203637 0.663006240865944
13.4876061320272 0.643743491475484
13.5430456432778 0.625225185140861
13.5996595393404 0.607516601361581
13.6576595639623 0.590692229724888
13.7163300881805 0.575087303318981
13.7746755221723 0.561031845813488
13.8321589777855 0.548657103626662
13.8885450021591 0.537978400837309
13.9437811904636 0.528951811253496
13.9979185462182 0.521508706661548
14.0510616958175 0.515575024912637
14.1033395054345 0.511081097007257
14.1548887001719 0.507966075692976
14.2058453902687 0.506179481482232
14.2563412352159 0.505681330012971
14.3065022414805 0.506441650291198
14.3564490071924 0.508439821024901
14.40629773496 0.511663939137926
14.4561616417792 0.516110321085765
14.5061525792005 0.521783180829937
14.5563827872748 0.528694503153481
14.6069667737936 0.536864123368267
14.6580233557978 0.546320026942635
14.709677936177 0.557098891685414
14.7620651237392 0.569246909874391
14.8153318484799 0.582820948973265
14.869641184018 0.597890140009102
14.9251771788661 0.614538027338775
14.9821511373907 0.632865481311043
15.0408100143847 0.652994681953923
15.1003000410012 0.674644673733049
15.1596206759309 0.697396676426774
15.2182221273099 0.720936192645375
15.2758497337458 0.745037392314147
15.3324270185243 0.769541717632003
15.387977325327 0.794338059969255
15.4425750491773 0.819347112565042
15.4963169661828 0.844510063975779
15.5493062791044 0.869780870110512
15.6016443303525 0.895121170710104
15.6534267632195 0.920497039592231
15.7047421673721 0.945876954346024
15.7556720489339 0.971230552253923
15.8062914602876 0.996527880063913
15.8566699209033 1.02173894602673
15.9068724341229 1.04683345128584
15.9569605047451 1.07178062297342
16.0069931187531 1.09654910044063
16.0570276779692 1.12110684427512
16.1071208998354 1.14542104884911
16.1573297024857 1.16945804557929
16.2077121017688 1.19318318746509
16.2583281524106 1.21656070678983
16.3092409718207 1.23955353767506
16.3605178936256 1.26212309371208
16.4122318104625 1.2842289881388
16.4644627840115 1.30582867971046
16.517300027848 1.32687702094306
16.5708444104994 1.34732567574417
16.6252116904407 1.36712235879969
16.6805367959803 1.38620982637776
16.736979626468 1.40452451199931
16.7947331238521 1.42199464074824
16.8540348355894 1.43853755382723
16.9151840443715 1.45405579208913
16.9785681717289 1.46843114216883
17.0447054863447 1.48151515464242
17.1137717262922 1.49303071591179
17.1843203191206 1.50247253647299
17.2554506437447 1.50957123264239
17.3266537889927 1.51420753968291
17.3976819763162 1.51634787003433
17.4684532670648 1.5160019493929
17.5389876651958 1.51319725641038
17.6093667500184 1.50796454802684
17.6797095381916 1.50033005809716
17.7501590746086 1.49031140644604
17.820876019525 1.47791536543711
17.8920368867238 1.46313635890042
17.9638355967292 1.44595499559835
18.0364877469138 1.42633615406989
18.1085247922051 1.40476473539083
18.1785744894475 1.38186970465472
18.2461121846062 1.35810800857294
18.3110898144929 1.33378290353221
18.373688814712 1.30908505277716
18.4341784590236 1.28413141933152
18.4928431459355 1.25899427484896
18.5499492807845 1.23372045645269
18.6057330435951 1.20834327482931
18.6603983608083 1.18288950416293
18.714119378853 1.15738329461331
18.7670445567596 1.13184824582561
18.8193010084042 1.10630842360724
18.8709985059899 1.0807887940785
18.9222329435063 1.05531535409672
18.9730892403265 1.02991511712272
19.0236437420345 1.00461604249717
19.0739662013547 0.979446954785622
19.1241214242955 0.95443747657433
19.1741706592904 0.929617985499918
19.2241727971073 0.905019599919701
19.2741854398164 0.880674194828384
19.3242658895959 0.856614448869305
19.3744721031843 0.832873923722067
19.4248636556636 0.809487178340062
19.4755027582437 0.786489922293623
19.5264553792951 0.763919214866201
19.5777925269148 0.74181371972794
19.6295917662839 0.720214029320461
19.6819390685018 0.69916307910865
19.7349311236023 0.678706680532036
19.7886783060737 0.658894214367539
19.8433085683736 0.639779545904193
19.8989726777519 0.621422254364428
19.955851442654 0.603889319571737
20 0.591172750280158
