-0.97000436 0.24308753 0 0 0.97000436 -0.24308753
-0.965281697878015 0.247395994329504 -0.0093240737 -0.0086473146 0.974605771578015 -0.238748679729504
-0.959273813888698 0.252677127707062 -0.0208547949390735 -0.0193312467524971 0.980128608827771 -0.233345880954565
-0.952184086492187 0.258638510809451 -0.0340279574371413 -0.0315072130150894 0.986212043929329 -0.227131297794362
-0.944206176545238 0.265019303659565 -0.048346346637873 -0.0446832229360687 0.992552523183111 -0.220336080723496
-0.935501577982333 0.271613068594661 -0.0634248730111332 -0.0584659223354188 0.998926450993467 -0.213147146259242
-0.926198681028122 0.278264912880292 -0.0789827684233623 -0.0725574177112392 1.00518144945148 -0.205707495169053
-0.916398961272186 0.284860935676068 -0.0948203578652853 -0.086736720548335 1.01121931913747 -0.198124215127733
-0.90618376359884 0.29131778920928 -0.110796575891009 -0.100840765792194 1.01698033948985 -0.190477023417085
-0.895619549678225 0.297574582123768 -0.126811804766005 -0.114749481255491 1.02243135444423 -0.182825100868276
-0.884832150189965 0.303549210122834 -0.142693265211089 -0.128288336034061 1.02752541540105 -0.175260874088773
-0.873952796651631 0.309175153849234 -0.158279779155605 -0.141306712052569 1.03223257580724 -0.167868441796666
-0.863063120543899 0.314426158140827 -0.173494010330021 -0.153737098911911 1.03655713087392 -0.160689059228916
-0.852209476623676 0.319300066463477 -0.188311585556195 -0.165563551840991 1.04052106217987 -0.153736514622487
-0.841414359308462 0.323807841862306 -0.202739507577376 -0.176799727039484 1.04415386688584 -0.147008114822822
-0.830684738979049 0.327966649196494 -0.21680207229661 -0.187474686801746 1.04748681127566 -0.140491962394748
-0.820017800414007 0.331795752589065 -0.230532157409704 -0.197624241371627 1.05054995782371 -0.134171511217438
-0.809404716663619 0.335314223393912 -0.24396609732752 -0.207285946540785 1.05337081399114 -0.128028276853127
-0.798833028326723 0.338539750552776 -0.257140845533591 -0.216496392257858 1.05597387386031 -0.122043358294917
-0.788288070883103 0.341488090420719 -0.270092548238547 -0.225289868816731 1.05838061912165 -0.116198221603989
-0.777753767022352 0.344172867716394 -0.282855966463719 -0.233697829724623 1.06060973348607 -0.110475037991771
-0.767212998658014 0.346605553979312 -0.295464398349025 -0.241748795228652 1.06267739700704 -0.10485675875066
-0.7566476970616 0.348795521470879 -0.307949894398527 -0.249468484997038 1.06459759146013 -0.0993270364738418
-0.74603873483875 0.350750113203096 -0.320343648987545 -0.256880058247704 1.0663823838263 -0.0938700549553915
-0.735365664256625 0.352474694042861 -0.332676509820608 -0.264004394079139 1.06804217407723 -0.0884702999637221
-0.724606317017416 0.353972660349267 -0.344979586074602 -0.270860377207792 1.06958590309202 -0.0831122831414742
-0.713736255926062 0.355245390370673 -0.357284964899696 -0.277465173465334 1.07102122082576 -0.0777802169053396
-0.702728044239995 0.356292116679865 -0.369626571887076 -0.283834490832038 1.07235461612707 -0.0724576258478268
-0.691550268376217 0.357109695674705 -0.382041240678244 -0.289982829081759 1.07359150905446 -0.0671268665929457
-0.680166206408039 0.357692236383086 -0.394570098221265 -0.295923726795731 1.07473630462931 -0.061768509587355
-0.668531965518385 0.358030527917939 -0.407260438037627 -0.301670020705748 1.07579240355601 -0.0563605072121908
-0.656593791978405 0.358111164146884 -0.420168367741653 -0.30723414163985 1.07676215972006 -0.0508770225070336
-0.644255266438337 0.357914406273821 -0.433393431231953 -0.312640697385969 1.07764869767029 -0.0452737088878513
-0.631282908608073 0.357404142855489 -0.447176534440223 -0.317957780634097 1.0784594430483 -0.039446362221392
-0.617430475849347 0.356519728903229 -0.461763146113061 -0.323231058735821 1.07919362196241 -0.0332886701674078
-0.602534697205228 0.355181512219473 -0.477302851528463 -0.328447817514943 1.07983754873369 -0.0267336947045298
-0.587031507603105 0.353366638785653 -0.493322047638552 -0.33339138736707 1.08035355524166 -0.0199752514185837
-0.571207076852721 0.351073990118499 -0.509516426218578 -0.337939787466787 1.0807235030713 -0.0131342026517117
-0.55522778871421 0.348311093253947 -0.525713140836894 -0.34203561863283 1.08094092955111 -0.00627547462111746
-0.539174447519135 0.345085211851732 -0.54183048858154 -0.345659708988384 1.08100493610068 0.000574497136652234
-0.523070535124367 0.34139829847302 -0.557845681835562 -0.348812461136487 1.08091621695993 0.00741416266346779
-0.506932639786859 0.337252666778931 -0.573742665842857 -0.351497463175969 1.08067530562972 0.0142447963970385
-0.490768844096332 0.332649602086673 -0.589513379386504 -0.353720655381683 1.08028222348284 0.0210710532950101
-0.474555417618859 0.32758062864037 -0.605179794975962 -0.355491350997582 1.07973521259482 0.0279107223572127
-0.458248202748176 0.322027181805558 -0.62078158966604 -0.35681711681283 1.07902979241422 0.034789935007272
-0.441788797940016 0.315960173146947 -0.636369298045666 -0.357700904791777 1.07815809598568 0.0417407316448301
-0.425182058882846 0.309369856816834 -0.65193124604493 -0.358138349156625 1.07711330492778 0.0487684923397904
-0.409203994296207 0.302585540348525 -0.666744013731609 -0.358136269162104 1.07594800802782 0.0555507288135795
-0.394059924248128 0.295755024197283 -0.680635144466713 -0.357757927424663 1.07469506871484 0.0620029032273799
-0.379658350513414 0.288899143703804 -0.693707582227793 -0.357063807987779 1.07336593274121 0.0681646642839749
-0.3658759414164 0.282010338427602 -0.706088813307048 -0.356099022935331 1.07196475472345 0.0740886845077283
-0.352592106269291 0.275068725221152 -0.717899088362902 -0.354895160594543 1.07049119463219 0.0798264353733919
-0.339701073133454 0.268050365236381 -0.729241174816935 -0.353473592617162 1.06894224795039 0.0854232273807812
-0.327114100092975 0.260931091403396 -0.740199218197244 -0.351848398836887 1.06731331829022 0.0909173074334909
-0.314757894218983 0.253688019957278 -0.750840900996795 -0.350028535348859 1.06559879521578 0.0963405153915812
-0.302571920297869 0.246299930628632 -0.76122041275806 -0.348019327939584 1.06379233305593 0.101719397310951
-0.290505683828405 0.238747135034787 -0.771381271407866 -0.345823464040449 1.06188695523627 0.107076329005662
-0.27851636297588 0.231011142546123 -0.781358694652481 -0.343441637551367 1.05987505762836 0.112430495005245
-0.266566866543211 0.223074270192485 -0.791181485614702 -0.340872960463099 1.05774835215791 0.117798690270615
-0.254624281449779 0.214919260341423 -0.800873491079304 -0.338115219108067 1.05549777252908 0.123195958766643
-0.24265863869305 0.206528928907007 -0.81045471377506 -0.335165026111617 1.05311335246811 0.12863609720461
-0.23064192412612 0.197885847377499 -0.819942155940975 -0.332017900675066 1.05058408006709 0.134132053297567
-0.21854726890416 0.188972053303891 -0.829350458673316 -0.328668297507121 1.04789772757748 0.13969624420323
-0.206348265367296 0.179768780522912 -0.838692387761526 -0.325109596571472 1.04504065312882 0.14534081604856
-0.194018363981339 0.170256199438703 -0.847979204594199 -0.321334060374455 1.04199756857554 0.151077860935752
-0.181530314590156 0.160413157697391 -0.857220950922006 -0.317332761759625 1.03875126551216 0.156919604062234
-0.168855620407663 0.150216911823691 -0.866426668683034 -0.313095482411049 1.0352822890907 0.162878570587357
-0.15596397596093 0.139642840483539 -0.875604570350732 -0.308610580013272 1.03156854631166 0.168967739529733
-0.142822660675966 0.128664129809338 -0.884762170940831 -0.303864819922159 1.0275848316168 0.17520069011282
-0.129395857944214 0.11725142057554 -0.893906389537395 -0.298843164980978 1.02330224748161 0.181591744405438
-0.115643865088015 0.105372405873175 -0.903043625654855 -0.293528514497739 1.01868749074287 0.188156108624564
-0.101522152140252 0.0929913662372609 -0.912179813679053 -0.287901380075279 1.01370196581931 0.194910013838018
-0.0869802158513902 0.0800686268560971 -0.92132045679433 -0.281939481557961 1.00830067264572 0.201870854701864
-0.0720442972832365 0.0666360515179903 -0.930420214288665 -0.275653125831449 1.0024645115719 0.209017074313458
-0.0567934853448088 0.0527796787138606 -0.939404411971915 -0.269079072925492 0.996197897316724 0.216299394211631
-0.0412809551964278 0.0385690415182953 -0.948219067419649 -0.262247751388049 0.989500022616077 0.223678709869753
-0.0255456045662925 0.0240661036224957 -0.956822646917221 -0.255186811755418 0.982368251483514 0.231120708132922
-0.00961964452512261 0.00933108649730295 -0.965181145747739 -0.247923533501346 0.974800790272863 0.238592447004043
0.00646669412033492 -0.00557412705097166 -0.973265437429463 -0.2404862788403 0.966798743309129 0.246060405891271
0.0226825002205891 -0.0205844772173564 -0.981050106911788 -0.232905160619584 0.958367606691199 0.25348963783694
0.0389950022040399 -0.0356316928451583 -0.988513205888583 -0.225212061270975 0.949518203684544 0.260843754116133
0.0553694783894143 -0.050645394358223 -0.995636521766758 -0.217440129616733 0.940267043377344 0.268085523974956
0.0717699565263752 -0.0655549959878605 -1.00240605446107 -0.209622891848511 0.930636097934692 0.275177887836372
0.0881604351728744 -0.0802920510145977 -1.00881247238589 -0.201793130473018 0.920652037213019 0.282085181487615
0.104506371468639 -0.0947926769288034 -1.01485138897321 -0.193981695512349 0.910345017504575 0.288774372441152
0.12077619703798 -0.108999727996868 -1.02052337087107 -0.186216404159078 0.899747173833089 0.295216132155946
0.136906530036695 -0.122833747614515 -1.02582214479046 -0.178538330528498 0.888915614753766 0.301372078143013
0.152725138326179 -0.136132196676682 -1.0307140742024 -0.171037773272712 0.877988935876218 0.307169969949394
0.168149295462486 -0.148821684511575 -1.03520305390996 -0.163759328896465 0.867053758447471 0.31258101340804
0.183152852375428 -0.160884305931625 -1.03931238765158 -0.156718201399597 0.856159535276147 0.317602507331223
0.197743108193418 -0.172334036903672 -1.04307362485899 -0.149911948110435 0.845330516665573 0.322245985014107
0.211945699147289 -0.183201432744072 -1.04652025599255 -0.143328290447492 0.834574556845266 0.326529723191563
0.225795256128868 -0.193524288752291 -1.04968446041302 -0.136950010486853 0.823889204284155 0.330474299239144
0.239329918861489 -0.203342250620872 -1.05259563776953 -0.130757863967533 0.813265718908045 0.334100114588405
0.252588307155532 -0.212693901773072 -1.0552799184349 -0.124732214526203 0.802691611279371 0.337426116299275
0.26560800326483 -0.221615338364825 -1.05776017509441 -0.118853875032143 0.792152171829576 0.340469213396968
0.278424937468561 -0.23013960230893 -1.06005626521082 -0.1131044721677 0.781631327742259 0.343244074476631
0.29107330093858 -0.2382965867427 -1.06218535836095 -0.107466531545336 0.771112057422366 0.345763118288035
0.303585761898685 -0.246113185314715 -1.06416227372518 -0.101923401917634 0.760576511826496 0.348036587232349
0.315993858250256 -0.253613554079986 -1.06599979243587 -0.096459086446792 0.750005934185618 0.350072640526778
0.328328501724679 -0.260819413715602 -1.06770893043391 -0.0910580168221 0.739380428709235 0.351877430537702
0.340620569093741 -0.267750354708172 -1.06929916798032 -0.0857047851777628 0.728678598886584 0.353455139885934
0.352901584718653 -0.27442412859788 -1.07077863666684 -0.0803838343061426 0.717877051948189 0.354807962904022
0.365204522900554 -0.280856920321677 -1.07215426625789 -0.0750790949709574 0.706949743357334 0.355936015292635
0.377564784293776 -0.287063604015718 -1.07343189333446 -0.0697735471869043 0.695867109040688 0.356837151202622
0.39002143499015 -0.293057989877203 -1.07461633208875 -0.0644486669200872 0.684594897098597 0.357506656797291
0.402618849917455 -0.298853074851044 -1.07571140476965 -0.0590836962203088 0.673092554852192 0.357936771071353
0.415408991758042 -0.30446131713982 -1.07671992466924 -0.053654635437841 0.6613109329112 0.358115952577661
0.428454717839912 -0.309894967139917 -1.0776436167598 -0.0481327854661328 0.649188898919886 0.35802775260605
0.441964291671122 -0.315216039561908 -1.07849053691218 -0.042427921280418 0.636526245241056 0.357643960842327
0.456174237594555 -0.320476558606923 -1.07926304931304 -0.0364378824333129 0.623088811718481 0.356914441040236
0.471354359203736 -0.325714400374625 -1.0799562398333 -0.0300458194494036 0.608601880629559 0.355760219824028
0.487188398423365 -0.330756595291309 -1.08053559446759 -0.0233798363218087 0.593347196044226 0.354136431613118
0.503305984755833 -0.335446138398193 -1.08097573643728 -0.0165888610306957 0.577669751681444 0.352034999428889
0.519484983479993 -0.339702748528182 -1.08126611679488 -0.00975858731504235 0.561781133314885 0.349461335843225
0.535610277944017 -0.343494186183076 -1.08140405207961 -0.00292949771171802 0.545793774135596 0.346423683894794
0.551637719160177 -0.346814465225805 -1.08138990788207 0.00388780154793586 0.529752188721892 0.34292666367787
0.567562873081274 -0.349668713987018 -1.08122423115406 0.0106995295781521 0.513661358072789 0.338969184408866
0.583360287537255 -0.352059237494507 -1.08090737017214 0.0175028999835208 0.497547082634889 0.334556337510987
0.599041570504034 -0.353994755559845 -1.080438484647 0.0243110364930285 0.481396914142971 0.329683719066816
0.614640209020922 -0.355483953331406 -1.07981437809923 0.0311469731398239 0.465174169078312 0.324336980191583
0.630202767264554 -0.356531885092712 -1.07902876017171 0.0380403793019049 0.448825992907153 0.318491505790808
0.645784401952998 -0.357137880929693 -1.07807161567342 0.0450261657820464 0.432287213720417 0.312111715147647
0.660881480948459 -0.357296545433873 -1.0769729941342 0.0518855706493219 0.416091513185745 0.305410974784551
0.675078699050863 -0.357055485835277 -1.075777421018 0.0584277003534837 0.400698721967141 0.298627785481794
0.688433845682606 -0.3564780386825 -1.07450059129502 0.0646717364546115 0.386066745612418 0.291806302227889
0.701059495753867 -0.3556143583708 -1.07314969031986 0.0706628649466289 0.372090194565996 0.284951493424171
0.713074614484031 -0.354500676879047 -1.07172637148686 0.0764511265998986 0.358651757002831 0.278049550279148
0.724585934270907 -0.353161983286389 -1.07022891344935 0.0820828748198975 0.345642979178444 0.271079108466492
0.735682994265511 -0.35161500504716 -1.06865356522012 0.0875981859235979 0.332970570954611 0.264016819123562
0.746438718888054 -0.349870600422361 -1.06699531161392 0.0930307845644762 0.320556592725869 0.256839815857885
0.756911837412167 -0.347935470828653 -1.06524827182019 0.0984088776300006 0.308336434408027 0.249526593198652
0.767149598461785 -0.345813323314906 -1.06340587799891 0.10375620060458 0.296256279537124 0.242057122710326
0.777190207548022 -0.343505637422471 -1.0614609247304 0.10909300317223 0.284270717182377 0.234412634250241
0.787064831986448 -0.341012161056552 -1.05940554217246 0.11443688728923 0.272340710186017 0.226575273767322
0.796799181687854 -0.338331224258108 -1.05723112214067 0.119803488162216 0.260431940452817 0.218527736095893
0.806414728982041 -0.335459930702793 -1.05492821210529 0.125207016947528 0.248513483123254 0.210252913755266
0.815929640187195 -0.332394265858 -1.05248638358719 0.130660691422331 0.236556743399998 0.20173357443567
0.825359484421948 -0.329129146468304 -1.04989407622561 0.136177079963255 0.224534591803665 0.192952066505049
0.834717773231818 -0.325658426509822 -1.04713841539449 0.141768380451173 0.212420642162677 0.183890046058649
0.844016372767944 -0.321974868389837 -1.04420499874479 0.147446651532273 0.200188625976846 0.174528216857564
0.853265820149744 -0.318070083831069 -1.04107764486854 0.153224009889006 0.187811824718801 0.164846073942064
0.862475567575147 -0.313934445779112 -1.03773809501552 0.159112804056986 0.175262527440374 0.154821641722127
0.871654171517383 -0.30955697026001 -1.03416565612508 0.165125772846068 0.162511484607699 0.144431197413942
0.88080943961867 -0.304925165002253 -1.03033677005423 0.171276194462625 0.14952733043556 0.133648970539629
0.889948544302867 -0.300024839520757 -1.02622448942791 0.177578030824536 0.136275945125041 0.122446808696222
0.899078109365462 -0.2948398689709 -1.02179783454078 0.184046070130135 0.122719725175318 0.110793798840765
0.908204273591699 -0.28935190113569 -1.01702099754625 0.190696069277719 0.108816723954548 0.098655831857971
0.917332733569436 -0.283539992063035 -1.01185234882869 0.197544895965509 0.0945196152592586 0.0859950960975266
0.926465412269586 -0.277382479543036 -1.00624532963087 0.204608032405035 0.0797799173612825 0.0727744471380008
0.935514758709482 -0.27092015962457 -1.00020746330737 0.211829737974119 0.0646927045978846 0.059090421650451
0.944418943415922 -0.264185455973065 -0.993739253903519 0.219167607496478 0.0493203104875982 0.0450178484765873
0.953131726822239 -0.257206561004562 -0.986837913112821 0.22658613091456 0.0337061862905829 0.0306204300900019
0.96161618953676 -0.250010353548743 -0.979500325922922 0.234052451547032 0.0178841363861633 0.0159579020017112
0.969841169740144 -0.242624280488171 -0.971725372917833 0.241533792045067 0.00188420317768907 0.00109048844310462
0.977779506113996 -0.235077383980562 -0.963515688646608 0.248996127136812 -0.0142638174673865 -0.0139187431562493
0.985407436534777 -0.227400620669748 -0.954878877965519 0.256403799142579 -0.0305285585692565 -0.029003178472831
0.99270468574666 -0.219626597928198 -0.945828174135232 0.263719846183714 -0.0468765116114273 -0.0440932482555155
0.999654896062293 -0.211788853481908 -0.936382518233059 0.27090684277441 -0.063272377829233 -0.0591179892925012
1.00624613905531 -0.203920821198232 -0.92656606949892 0.277928055009558 -0.0796800695563912 -0.0740072338113256
1.01247131593927 -0.196054642943453 -0.916407209951059 0.284748709597045 -0.0960641059882137 -0.0886940666535914
1.01832832264413 -0.188219989990866 -0.905937165721758 0.291337186036877 -0.112391156922374 -0.10311719604601
1.02381992424418 -0.180443039115693 -0.895188412095133 0.297665973903852 -0.128631512149044 -0.117222934788158
1.02891531151902 -0.172804432871511 -0.884278262587285 0.303666976978348 -0.144637048931735 -0.130862544106837
1.03360200594515 -0.165370132935833 -0.873318096455391 0.309291455984031 -0.160283909489754 -0.143921323048197
1.03789520227572 -0.158168762186801 -0.862374823814264 0.314524985605567 -0.175520378461452 -0.156356223418765
1.04182329735944 -0.151205733073447 -0.851484414536937 0.319372858720554 -0.190338882822499 -0.168167125647106
1.04541935911695 -0.144472994483914 -0.84066228891248 0.323850515076962 -0.20475707020447 -0.179377520593047
1.04871650862592 -0.137955317788582 -0.829910718138187 0.327977682667805 -0.218805790487732 -0.190022364879222
1.05174566842024 -0.131634136966621 -0.819223820560056 0.331775002760232 -0.232521847860185 -0.200140865793611
1.0545346510132 -0.125489771975209 -0.808590789721644 0.335262210639639 -0.24594386129155 -0.209772438664429
1.05710795967753 -0.119502630947041 -0.79799789008465 0.338457241646535 -0.259110069592879 -0.218954610699493
1.05948693781316 -0.113653789073906 -0.787429622309486 0.341375860425219 -0.27205731550367 -0.227722071351312
1.06169006579355 -0.107925197437217 -0.776869339326919 0.344031567638052 -0.28482072646663 -0.236106370200834
1.06373329931588 -0.102299676902073 -0.766299500212721 0.346435638557329 -0.297433799103157 -0.244135961655255
1.06563039685327 -0.0967607882954153 -0.755701680100949 0.348597209184655 -0.309928716752323 -0.251836420889239
1.06739321287416 -0.0912926293213973 -0.74505640549643 0.350523361415214 -0.322336807377729 -0.259230732093816
1.06903194853851 -0.0858795825817115 -0.734342849241249 0.352219178571169 -0.334689099297258 -0.266339595989457
1.07055535877373 -0.0805060216719416 -0.723538392569883 0.353687752255656 -0.347016966203847 -0.273181730583713
1.07197091747813 -0.0751559693612736 -0.712618038339454 0.35493012431007 -0.359352879138673 -0.279774154948796
1.07328494299712 -0.0698126900388043 -0.701553634940506 0.355945145247711 -0.371731308056611 -0.286132455208906
1.0745026848912 -0.0644581848064967 -0.690312838964932 0.356729222913143 -0.384189845926267 -0.292271038106645
1.07562837063594 -0.059072537905796 -0.678857698145432 0.357275920623739 -0.396770672490508 -0.298203382717943
1.07666520697034 -0.0536330313236388 -0.667142660054687 0.357575338497088 -0.409522546915655 -0.303942307173449
1.07761532410982 -0.0481128887360217 -0.655111679025556 0.357613166094702 -0.422503645084266 -0.30950027735868
1.07848305128219 -0.0424557041144718 -0.642641301651945 0.357367580278082 -0.435841749630248 -0.314911876163609
1.0792742704292 -0.0365571297337528 -0.629496494778821 0.356798571107887 -0.449777775650377 -0.320241441374133
1.07998683999087 -0.030307444024596 -0.615422192087113 0.35584038647995 -0.464564647903757 -0.325532942455354
1.08060071548369 -0.0236938443104803 -0.600377863003027 0.354421279932307 -0.480222852480663 -0.330727435621826
1.08108196372509 -0.0168985578938812 -0.58477593124778 0.352522624543004 -0.496306032477304 -0.335624066649122
1.08141483909022 -0.010032942030273 -0.568882435289283 0.350145312648167 -0.512532403800941 -0.340112370617894
1.08159411255979 -0.00315511992558355 -0.552848822318256 0.347297213968357 -0.528745290241537 -0.344142094042773
1.08161931875337 0.00371299080718949 -0.536745649237434 0.343984916919733 -0.544873669515937 -0.347697907726922
1.08149108916562 0.0105727427637467 -0.520589621850876 0.340209146659234 -0.560901467314747 -0.35078188942298
1.08120995484499 0.0174218625191447 -0.504405694513681 0.335974380115958 -0.576804260331307 -0.353396242635102
1.08077573721493 0.0242680716236042 -0.48819469020056 0.331280228177451 -0.592581047014372 -0.355548299801054
1.08018623006304 0.0311311129151859 -0.471928200971447 0.32611644413882 -0.608258029091586 -0.357247557054005
1.07943634059787 0.0380384527034997 -0.455558890922786 0.320462620118156 -0.62387744967508 -0.358501072821655
1.07851744802429 0.0450231902954938 -0.439025909288837 0.314287685468949 -0.639491538735455 -0.359310875764443
1.07743333201169 0.0520238486320354 -0.422491940656021 0.307646613690467 -0.654941391355663 -0.359670462322502
1.07623609544294 0.0587530827776691 -0.406648297595551 0.300847015751092 -0.669587797847388 -0.35960009852876
1.07495324840651 0.0651618323532203 -0.391615810766433 0.294002401259076 -0.683337437640079 -0.359164233612296
1.07359486478921 0.0712914356406652 -0.377298876731969 0.287128863861538 -0.696295988057241 -0.358420299502202
1.07216422399995 0.0771936981556179 -0.363576263344135 0.280217071386787 -0.708587960655815 -0.357410769542404
1.07066044423043 0.0829184811129612 -0.350331280011662 0.273246806159949 -0.720329164218768 -0.356165287272909
1.06908017506852 0.0885094811640251 -0.337462057438794 0.266194391442431 -0.731618117629726 -0.354703872606455
1.06741857892252 0.0940035749781569 -0.324883158829061 0.259036104390641 -0.742535420093461 -0.353039679368797
1.06566985370577 0.0994315203677205 -0.312523891543511 0.251749501297664 -0.75314596216226 -0.351181021665384
1.06382747949002 0.104819041179926 -0.30032568525532 0.244313724607327 -0.763501794234695 -0.349132765787252
1.06188430409253 0.110187903391953 -0.288239490079075 0.236709350677824 -0.773644814013454 -0.346897254069776
1.0598325350789 0.115556847833361 -0.276223519898361 0.228918057406543 -0.783609015180538 -0.344474905239903
1.05766367584996 0.12094235326872 -0.264241402541281 0.220922243866736 -0.793422273308676 -0.341864597135455
1.05536842558328 0.126359244824186 -0.252260698188165 0.212704659127869 -0.803107727395111 -0.339063903952054
1.05293655219764 0.131821175054614 -0.240251717444434 0.204248060267706 -0.812684834753208 -0.336069235322319
1.0503567411522 0.137341005519413 -0.228186568913078 0.19553490189957 -0.822170172239123 -0.332875907418983
1.04761641889671 0.142931113144489 -0.216038374356364 0.186547051680997 -0.831578044540349 -0.329478164825485
1.04470154701258 0.148603641105211 -0.203780599787248 0.17726552320739 -0.840920947225329 -0.325869164312601
1.04159638081919 0.154370709722207 -0.191386459972117 0.167670216822172 -0.850209920847068 -0.322040926544378
1.03828318400062 0.160244599307535 -0.178828360810886 0.157739658858761 -0.859454823189736 -0.317984258166296
1.03474188828543 0.166237914060125 -0.166077348668189 0.147450729994588 -0.868664539617237 -0.313688644054712
1.03094968407323 0.172363733870251 -0.153102538005223 0.136778373405511 -0.877847146068006 -0.309142107275762
1.02688052380409 0.178635759087179 -0.139870488654209 0.125695273088916 -0.88701003514988 -0.304331032176095
1.02250451437791 0.185068451744938 -0.126344501708024 0.114171491979011 -0.896160012669884 -0.299239943723948
1.01778716746121 0.19167717521884 -0.112483797974198 0.102174058238911 -0.90530336948701 -0.29385123345775
1.01268846621801 0.198478332542416 -0.0982425346707562 0.089666486313847 -0.914445931547251 -0.288144818856263
1.00716169261758 0.205489501298274 -0.0835686034969193 0.0766082168930806 -0.923593089120657 -0.282097718191354
1.00120378595431 0.212668660775605 -0.0685297639310834 0.0630695354703516 -0.932674022023224 -0.275738196245956
0.994817200340217 0.219970551024758 -0.0531956205041513 0.0491298487156996 -0.941621579836063 -0.269100399740457
0.988000195129875 0.227358284339458 -0.037613748234667 0.0348550302703013 -0.950386446895205 -0.262213314609758
0.980749985323432 0.234798607274368 -0.0218199867588894 0.020305337678553 -0.958929998564541 -0.25510394495292
0.973065208724448 0.242258958766433 -0.00584507128056921 0.00554045614256527 -0.967220137443877 -0.247799414908997
0.964947806165677 0.249705867658996 0.0102813295089266 -0.0093776862614458 -0.975229135674601 -0.240328181397549
0.956404354415054 0.257104355787005 0.0265284194990638 -0.0243838426670627 -0.982932773914115 -0.232720513119941
0.947446847044483 0.264418099517573 0.0428634231178433 -0.0394097345177504 -0.990310270162324 -0.225008364999822
0.938092905394337 0.271610143804075 0.0592517221120732 -0.0543853712708485 -0.997344627506407 -0.217224772533226
0.928365422993706 0.278643972199752 0.0756576989848595 -0.0692410691564024 -1.00402312197856 -0.209402903043349
0.91829169424806 0.285484734819392 0.092046029853356 -0.0839098171567981 -1.01033772410141 -0.201574917662593
0.907902135440652 0.292100443260818 0.108383180211751 -0.0983296385606161 -1.0162853156524 -0.193770804700202
0.897228753574231 0.298462968690689 0.12463887753718 -0.112445636559826 -1.02186763111141 -0.186017332130863
0.886354330159482 0.304521365053594 0.140713372266202 -0.126148986268351 -1.02706770242568 -0.178372378785242
0.87540506195742 0.310214412360535 0.15645645596956 -0.139299349926486 -1.03186151792698 -0.170915062434048
0.864458536659252 0.315519984727381 0.171799458763209 -0.151837247260922 -1.03625799542246 -0.163682737466458
0.853558014119259 0.320439008265594 0.186724563268277 -0.163752739240383 -1.04028257738753 -0.15668626902521
0.842723690690552 0.324984700261991 0.20124361933571 -0.175063874872926 -1.04396731002626 -0.149920825389064
0.831960863618285 0.329175863508305 0.215384468815734 -0.185802901058523 -1.04734533243402 -0.143372962449781
0.821265516119524 0.333032956487231 0.229182575565465 -0.196007936999861 -1.05044809168499 -0.137025019487369
0.810627968245695 0.336575931031598 0.242676162694957 -0.205718223207135 -1.05330413094065 -0.130857707824462
0.800035163233959 0.339823136055538 0.255903567438552 -0.214971591946314 -1.05593873067251 -0.124851544109224
0.789472027348066 0.342790833223062 0.268901952368794 -0.223803261819617 -1.05837397971686 -0.118987571403444
0.778922214691795 0.345493044002002 0.281706824093841 -0.232245390174011 -1.06062903878563 -0.11324765382799
0.768368446870076 0.347941560530717 0.294352022450517 -0.240327038752156 -1.06272046932059 -0.10761452177856
0.757792582197829 0.350146022648026 0.306869981190524 -0.248074349440728 -1.06466256338835 -0.102071673207297
0.747175495539987 0.352114004913017 0.319292149275185 -0.255510814286917 -1.06646764481517 -0.0966031906260989
0.73649681163957 0.353851080805638 0.331649518285731 -0.262657576572676 -1.0681463299253 -0.0911935042329615
0.725734506266525 0.355360843223871 0.343973238939162 -0.26953373086722 -1.06970774520568 -0.0858271123566493
0.714864365750926 0.356644864837541 0.356295337316424 -0.276156608194193 -1.07115970306735 -0.0804882566433474
0.703859271813162 0.357702580816468 0.368649566057014 -0.282542043199343 -1.07250883787017 -0.0751605376171245
0.692688249865777 0.358531070354394 0.381072453809364 -0.288704626982863 -1.07376070367514 -0.0698264433715307
0.681315177870755 0.359124701114464 0.393604655356364 -0.294657954474231 -1.07491983322712 -0.0644667466402312
0.669696987294589 0.35947457888459 0.406292767040581 -0.300414880897499 -1.07598975433517 -0.05905969798709
0.657781075055633 0.359567706076816 0.419191879289582 -0.305987810401866 -1.07697295434521 -0.0535798956749488
0.645479580421244 0.359385111811964 0.432392689633515 -0.311398367752888 -1.07787227005476 -0.0479867440590751
0.632560767286354 0.358892116841236 0.446134953647527 -0.316715594855355 -1.07869572093388 -0.04217652198588
0.618783044005082 0.35803005861222 0.460660022652077 -0.321985376138342 -1.07944306665716 -0.0360446824738768
0.603922262000609 0.356715207073163 0.476181593251988 -0.327217871317955 -1.08010385525259 -0.0294973357552073
0.588427442572303 0.354922751122772 0.492210882889812 -0.332187943452494 -1.08063832546211 -0.0227348076702765
0.572595885429415 0.352650731487221 0.508431138372021 -0.336767492416242 -1.08102702380143 -0.0158832390709772
0.556602148893148 0.349906650862091 0.524660680084704 -0.34089537797113 -1.08126282897785 -0.00901127289095982
0.54053255009631 0.34669821476935 0.540812074466916 -0.344550467916657 -1.08134462456322 -0.00214774685269224
0.524414111873714 0.343028035854143 0.556859035593902 -0.347732352062677 -1.08127314746761 0.00470431620853545
0.508259920915687 0.338897589470737 0.572789058346774 -0.350445313511168 -1.08104897926246 0.0115477240404318
0.492081721372345 0.334309065982237 0.588590539280702 -0.352694696237811 -1.08067226065304 0.0183856302555752
0.475858045596856 0.329254875575844 0.604283419140913 -0.35448980856863 -1.08014146473777 0.0252349329927869
0.459546189418217 0.323717314609886 0.619906215952353 -0.355838528304744 -1.07945240537057 0.0321212136948596
0.443088807954807 0.317668167426451 0.635508750295908 -0.356744287954269 -1.07859755825071 0.0390761205278189
0.426416717470861 0.311067803861944 0.651148689389466 -0.35720424501315 -1.07756540686032 0.0461364411512075
0.410342217315832 0.304255050436082 0.666066356682282 -0.357219418147279 -1.07640857399811 0.0529643677111982
0.395106205401057 0.297391885571305 0.680055761167229 -0.356852260176166 -1.07516196656828 0.0594603746048618
0.380623877914438 0.290503229591145 0.693214087936986 -0.35616456800067 -1.07383796585142 0.0656613384095258
0.366773160296643 0.283583359564002 0.70566817237964 -0.355202789432472 -1.07244133267628 0.071619429868472
0.353432527398366 0.276613021522648 0.717539564383806 -0.353999555979184 -1.07097209178217 0.0773865344565368
0.340494607349166 0.269568322344188 0.728932843008369 -0.352576978280619 -1.06942745035753 0.0830086559364323
0.327869034734108 0.262424893713955 0.739933899222845 -0.350949639292478 -1.06780293395695 0.0885247455785246
0.315481100265524 0.255159571939449 0.750611904142951 -0.349126833914397 -1.06609300440847 0.0939672619749497
0.303269113006649 0.247750856190393 0.761022249576094 -0.347114117831213 -1.06429136258274 0.0993632616408213
0.291181667682428 0.240178808987126 0.771209398933405 -0.344914338037571 -1.06239106661583 0.104735529050447
0.279175239154718 0.232424731863276 0.781209304040323 -0.342528303249821 -1.06038454319504 0.110103571386546
0.267212200633228 0.224470774952621 0.791051335071519 -0.339955212128065 -1.05826353570474 0.115484437175445
0.255259236233143 0.216299550321837 0.800759776384772 -0.337192920213685 -1.05601901261791 0.120893369891848
0.2432860786912 0.207893774735047 0.810354968744441 -0.334238098788065 -1.05364104743564 0.126344324053019
0.231264498322756 0.199235946454969 0.819854175960601 -0.331086319695224 -1.05111867428335 0.131850373240257
0.219167477136583 0.190308051238215 0.829272241691212 -0.327732087356945 -1.04843971882779 0.137424036118732
0.206968512840294 0.181091288931088 0.838622088346374 -0.32416883073207 -1.04559060118666 0.143077541800983
0.194641007448354 0.171565810953058 0.847915097720774 -0.320388862318869 -1.04255610516912 0.148823051365813
0.18215770302806 0.161710458901626 0.857161402969504 -0.316383307413033 -1.03931910599756 0.154672848511408
0.169490132486998 0.151502494734263 0.866370113765049 -0.31214200399155 -1.03586024625204 0.160639509257289
0.156608056265015 0.140917313087147 0.875549490567449 -0.307653371296097 -1.03215754683246 0.166736058208951
0.143478856430305 0.129928126079941 0.884707079490732 -0.302904243076316 -1.02818593592103 0.172976116996377
0.130066857969269 0.118505610324306 0.893849815877832 -0.297879659231413 -1.0239166738471 0.179374048907109
0.116332542781845 0.106617504729121 0.902984102082416 -0.29256260698257 -1.01931664486426 0.18594510225345
0.102231614544904 0.0942281460094478 0.912115862830293 -0.286933699411511 -1.01434747737519 0.192705553402064
0.0877138612891571 0.0812979264825512 0.921250579659391 -0.280970774818194 -1.00896444094854 0.199672848335644
0.0727947587842168 0.0678488805042069 0.930349500316433 -0.274679594390068 -1.00314425910065 0.206830713885863
0.0575561408869018 0.053969325153806 0.93933579403164 -0.268097896938433 -0.996891934918538 0.214128571784629
0.0420528648068998 0.0397302335355355 0.948154123062413 -0.261256754389574 -0.990206987869309 0.22152652085404
0.026324821174712 0.0251944721649992 0.95676210205896 -0.254184239941298 -0.983086923233669 0.2289897677763
0.010404792091388 0.0104228543934746 0.965125175343802 -0.246907924941535 -0.975529967435186 0.236485070548062
-0.00567665962881697 -0.00452229489922976 0.973213836581427 -0.239456399042359 -0.967537176952606 0.243978693941591
-0.0218884074394629 -0.019575513944714 0.981002384255857 -0.231859984655985 -0.95911397681639 0.251435498600701
-0.0381975011005612 -0.0346681008921816 0.988468634515899 -0.224150785959281 -0.950271133415334 0.258818886851464
-0.0545690280628218 -0.0497291815986983 0.995594171067787 -0.216362201567055 -0.941025143004961 0.266091383165755
-0.0709667877624107 -0.0646876049126639 1.00236481766173 -0.208528039125818 -0.931398029899318 0.273215644038484
-0.0873545062509262 -0.0794743034551433 1.0087710979217 -0.200681387862867 -0.92141659167077 0.280155691318012
-0.103697331021035 -0.0940247498577706 1.01480851863781 -0.192853416314483 -0.911111187616775 0.286878166172255
-0.119963362834272 -0.10828116793145 1.02047758380048 -0.1850722549602 -0.900514220966205 0.293353422891651
-0.136093524335996 -0.122167362056325 1.02577348779992 -0.177377097942914 -0.889679963463924 0.29954445999924
-0.151912556087689 -0.135517301965258 1.03066159644959 -0.169859965390838 -0.878749040361893 0.305377267356098
-0.167335932514681 -0.148255645225772 1.03514541261984 -0.162566445007609 -0.867809480105158 0.310822090233383
-0.182336559578035 -0.16036358353014 1.03924819555299 -0.155512225658845 -0.856911635974947 0.315875809188986
-0.196921329486463 -0.171854835375035 1.0430016209017 -0.148695032889247 -0.846080291415231 0.320549868264284
-0.211115782220427 -0.182760060514128 1.04643937087802 -0.142102576226224 -0.835323588657584 0.324862636740353
-0.224954614020352 -0.193117338903133 1.04959382612194 -0.135717534979244 -0.824639212101583 0.328834873882379
-0.238476099926678 -0.202966672882004 1.05249457083051 -0.129520525634703 -0.814018470903823 0.332487198516709
-0.251719011590707 -0.212347014341141 1.0551678933556 -0.123491767309075 -0.803448881764891 0.335838781650217
-0.26472106994087 -0.221294809022378 1.05763679627179 -0.117611939920901 -0.79291572633092 0.338906748943281
-0.277518315022247 -0.229843415989738 1.05992124107868 -0.111862557193608 -0.782402926056433 0.341705973183347
-0.290145010753153 -0.238023009005292 1.06203847913362 -0.106226055598672 -0.771893468380467 0.344249064603966
-0.302633856641358 -0.245860726599741 1.06400339292323 -0.100685720159927 -0.761369536281867 0.34654644675967
-0.315016377135155 -0.253380936991489 1.06582881186692 -0.0952255165390265 -0.750812434731765 0.348606453530517
-0.327323422002075 -0.260605544107085 1.06752578812783 -0.0898298661168861 -0.740202366125753 0.350435410223973
-0.339585751981425 -0.267554296578295 1.06910382856691 -0.0844833796877928 -0.729518076585479 0.352037676266089
-0.351834712741953 -0.274245082403037 1.07057108374665 -0.079170550857636 -0.718736371004692 0.353415633260675
-0.364103024066437 -0.280694204105954 1.07193449640966 -0.0738753986480028 -0.707831472343219 0.354569602753958
-0.376425736288356 -0.28691663662137 1.07319991151103 -0.0685810371625042 -0.69677417522267 0.355497673783876
-0.388841439036391 -0.292926275337757 1.07437214828058 -0.0632691353340984 -0.68553070924418 0.356195410671857
-0.40139385796145 -0.298736186784005 1.07545503198266 -0.0579192073921429 -0.674061174021209 0.35665539417615
-0.414134060147339 -0.304358881389768 1.07645137852097 -0.0525076373288836 -0.662317318373626 0.356866518718653
-0.427123641237134 -0.309806639763305 1.07736291745394 -0.0470062738615729 -0.650239276216799 0.35681291362488
-0.440548533575871 -0.3151339577607 1.07819644934156 -0.0413343193901282 -0.637647915765683 0.35646827715083
-0.454646195670509 -0.320396064213695 1.07895500106951 -0.0353892286132895 -0.624308805398997 0.355785292826986
-0.46968177782224 -0.325632503774106 1.07963414560238 -0.0290562303563683 -0.609952367780135 0.354688734130476
-0.485422573006492 -0.330698067000928 1.08020318898601 -0.022428552927531 -0.594780615979509 0.353126619928461
-0.501480773694631 -0.335425690685325 1.08063522090001 -0.0156626948814961 -0.579154447205375 0.351088385566823
-0.517620585540379 -0.339728180035988 1.08091873245362 -0.00885019018670215 -0.563298146913238 0.348578370222692
-0.533717323850155 -0.343569141753771 1.08105055068873 -0.002035576756803 -0.547333226838571 0.345604718510575
-0.549720568868441 -0.346940399982924 1.08103086357058 0.00476788052428714 -0.531310294702138 0.342172519458638
-0.565623531599433 -0.349846399577375 1.08086020427826 0.0115653828630252 -0.515236672678824 0.338281016714351
-0.581397931746277 -0.352288889787397 1.08053901886393 0.0183529098267611 -0.499141087117649 0.333935979960638
-0.597053670134207 -0.354276611347806 1.08006662929497 0.0251427868308167 -0.483012959160755 0.329133824516991
-0.612623178598604 -0.355818601356619 1.07944004732188 0.0319574796941717 -0.466816868723274 0.323861121662449
-0.628152291523795 -0.35692046514749 1.07865323713623 0.0388261739593622 -0.45050094561243 0.31809429118813
-0.643695538028144 -0.357582228253327 1.07769649865101 0.0457832750771617 -0.434000960622865 0.311798953176168
-0.658831922577556 -0.357797163135719 1.07659374550668 0.0526479581165278 -0.417761822929121 0.305149205019193
-0.673076216311616 -0.357606934741221 1.07539319671784 0.0591988964993073 -0.402316980406218 0.298408038241915
-0.686473624482226 -0.357075364800877 1.07411154180369 0.0654496652041105 -0.387637917321457 0.291625699596768
-0.699133479669289 -0.356253815902962 1.07275646981459 0.0714438696090269 -0.373622990145295 0.284809946293937
-0.711174589017611 -0.355179678118123 1.07132990305039 0.0772313164342872 -0.360155314032774 0.277948361683837
-0.722704669550619 -0.353878862692515 1.06983025096919 0.0828586485712315 -0.347125581418563 0.271020214121286
-0.733814520150882 -0.352368784800072 1.06825382291597 0.0883663773663259 -0.334439302765079 0.264002407433748
-0.744578254768768 -0.350660806678081 1.06659563462867 0.0937886511137511 -0.322017379859898 0.256872155564331
-0.755055611093702 -0.348762002447833 1.06484982999329 0.0991540336759617 -0.309794218899581 0.249607968771873
-0.765294651510046 -0.346676362372487 1.0630098722009 0.104486539232899 -0.29771522069085 0.24218982313959
-0.775334222749315 -0.344405590053599 1.06106859991471 0.109806623211234 -0.285734377165392 0.234598966842367
-0.785205992186963 -0.341949619531794 1.05901820416518 0.115132030847687 -0.273812211978211 0.226817588684109
-0.794936058856791 -0.339306943778461 1.05685015683913 0.120478488945139 -0.26191409798233 0.218828454833324
-0.804546198903555 -0.336474816507342 1.05455510669681 0.125860257854637 -0.250008907793254 0.210614558652707
-0.814054817645873 -0.333449367769131 1.05212274994712 0.131290569483825 -0.238067932301242 0.202158798285308
-0.823477674289873 -0.330225659070193 1.04954167699819 0.13678197674894 -0.226064002708306 0.193443682321255
-0.832828433711649 -0.326797693896871 1.04679919351217 0.142346636345978 -0.213970759800517 0.184451057550895
-0.842119087881953 -0.323158392942463 1.04388111136999 0.147996542553251 -0.201762023488027 0.175161850389214
-0.851360279281657 -0.319299538858817 1.04077150299174 0.153743725968933 -0.189411223710075 0.165555812889886
-0.860561550450103 -0.315211692175108 1.0374524102518 0.159600427922304 -0.176890859801687 0.155611264252805
-0.869731537459731 -0.310884077580709 1.03390349665245 0.165579258774653 -0.16417195919271 0.145304818806058
-0.878878120283019 -0.306304437657656 1.03010162817315 0.171693346329873 -0.15122350789012 0.134611091327785
-0.888008539357536 -0.301458849065027 1.02602036394683 0.177956478948695 -0.138011824589291 0.123502370116334
-0.897129484844486 -0.296331493855553 1.02162933218388 0.184383246527169 -0.12449984733939 0.111948247328386
-0.906247162845492 -0.290904375768703 1.01689345894725 0.19098918105601 -0.110646296101749 0.0999151947126955
-0.915367340958998 -0.285156967663098 1.01177200658296 0.197790896765622 -0.0964046656239561 0.087366070897478
-0.92449537380667 -0.279065771277898 1.00621736349877 0.204806227520628 -0.0817219896920979 0.0742595437572717
-0.93355100920667 -0.272665796306508 1.00023223328968 0.211985689674825 -0.0666812240829993 0.0606801066316854
-0.942469772208819 -0.265990181049223 0.993817981059881 0.219285620527178 -0.0513482088510559 0.0467045605220475
-0.951203851784361 -0.259067372725105 0.986972213179021 0.226669959401844 -0.0357683613946532 0.0323974133232638
-0.959715398274261 -0.251924183961901 0.979691839377656 0.234105761133341 -0.0199764411033887 0.017818422828562
-0.967972662847125 -0.244587792102602 0.971975473038193 0.241560437524315 -0.0040028101910618 0.0030273545782883
-0.975948042703495 -0.237086866328048 0.963825258181757 0.249000289478967 0.0121227845217445 -0.0119134231509173
-0.983617353917363 -0.22945197290637 0.955248153669495 0.256390012726483 0.0283692002478744 -0.0269380398201111
-0.990959846130864 -0.221715384668049 0.94625666313313 0.263692940370265 0.0447031829977404 -0.0419775557022133
-0.997958600934717 -0.21391041910472 0.936868989907661 0.2708718206138 0.0610896110270627 -0.0569614015090773
-1.00460104296754 -0.206070444368803 0.927108621710334 0.277889933297811 0.0774924212572095 -0.0718194889290061
-1.01087936313979 -0.198227710113723 0.917003400712676 0.284712345793551 0.0938759624271228 -0.0864846356798263
-1.01679072117986 -0.190412166066849 0.906584193582607 0.291307116478291 0.110206527597255 -0.10089495041144
-1.02233716307857 -0.182650416148306 0.895883323046175 0.297646283364033 0.126453840032403 -0.114995867215725
-1.02749432417019 -0.175012091767685 0.8850012217562 0.303669982355945 0.142493102413996 -0.128657890588257
-1.03224381812637 -0.167569844041376 0.87405679483913 0.309323175517649 0.158187023287247 -0.14175333147627
-1.036597645088 -0.160356715936541 0.863122367581672 0.314587551721966 0.173475277506331 -0.154230835785422
-1.04058271422031 -0.153380870596143 0.852237607793376 0.319466196559959 0.188345106426944 -0.166085325963814
-1.04423159569813 -0.146635876303182 0.841420363938093 0.323973421454893 0.202811231760045 -0.177337545151709
-1.04757744421383 -0.140107400059992 0.830674453909683 0.328128479554796 0.216902990304157 -0.188021079494802
-1.05065147409913 -0.133777329960382 0.819994959516977 0.331951912531917 0.230656514582164 -0.198174582571533
-1.05348189417457 -0.127626183551189 0.809371668395039 0.335463559415128 0.244110225779535 -0.207837375863937
-1.05609362703609 -0.121634426859431 0.79879121679565 0.338681561289466 0.257302410240445 -0.217047134430033
-1.05850841854444 -0.115783125148606 0.78823835358831 0.341621933685387 0.270270064956137 -0.225838808536779
-1.06074511784601 -0.11005419521057 0.777696622066328 0.344298443504738 0.283048495779691 -0.234244248294166
-1.06282001113989 -0.104430425431792 0.767148658169721 0.346722633921302 0.295671352970172 -0.242292208489507
-1.064747150707 -0.0988953621065465 0.756576231740021 0.348903906284699 0.308170918966987 -0.25000854417815
-1.06653865256762 -0.0934331171445572 0.745960106188748 0.350849606739763 0.320578546378881 -0.257416489595203
-1.06820495278075 -0.0880281246547176 0.735279755337904 0.352565086877387 0.33292519744285 -0.264536962222667
-1.06975502050549 -0.0826648556115469 0.724512948598618 0.354053718538789 0.345242071906881 -0.271388862927239
-1.07119652931737 -0.077327486496686 0.713635192230772 0.355316846581133 0.357561337086608 -0.277989360084445
-1.07253598899882 -0.0719995060935185 0.702618990537209 0.356353661765537 0.369916998461623 -0.284354155672016
-1.07377883914949 -0.0666632314364772 0.691432861150129 0.357160969201782 0.382345977999367 -0.290497737765302
-1.07492950385637 -0.0612991856026441 0.680039995423744 0.357732814622611 0.394889508432635 -0.296433629019964
-1.07599140314423 -0.0558852608869113 0.668396385417832 0.358059907490402 0.407595017726403 -0.302174646603488
-1.07696691114237 -0.0503955404864071 0.656448118539657 0.35812873864085 0.420518792602724 -0.30773319815444
-1.07785961538313 -0.0447826907537119 0.644092188667053 0.357919222738092 0.43376742671608 -0.313136531984378
-1.07867675793859 -0.0389430550578293 0.631096200396035 0.357394524589755 0.447580557542566 -0.318451469531924
-1.07941746814169 -0.0327702738002388 0.617213726039528 0.356493201918012 0.462203742102173 -0.323722928117771
-1.08006733783162 -0.0262037381743942 0.60229586891608 0.355136304605224 0.477771468915546 -0.328932566430827
-1.08058882493014 -0.0194362161063017 0.586776340553402 0.353301719076745 0.493812484376748 -0.333865502970441
-1.08096389690512 -0.0125876557101214 0.570939323457286 0.3509887618313 0.510024573447838 -0.338401106121176
-1.08118615844123 -0.00572229992570553 0.554949687803763 0.348205149252136 0.526236470637471 -0.342482849326429
-1.0812547461838 0.00113388839096614 0.538887178292425 0.344958170352714 0.542367567891379 -0.346092058743678
-1.08117036785303 0.00797967675789584 0.522774564559936 0.34124970300527 0.5583958032931 -0.349229379763164
-1.08093355035074 0.0148165079190576 0.506628059745732 0.337081990660561 0.574305490605013 -0.351898498579616
-1.08054429811508 0.0216491593173045 0.490455476267653 0.332456228513922 0.590088821847431 -0.354105387831224
-1.08000083445441 0.0284955178593065 0.474232883215758 0.327363803797355 0.605767951238662 -0.355859321656659
-1.07929865468462 0.0353818053355765 0.457915952500378 0.321785975134525 0.621382702184248 -0.357167780470099
-1.0784298583437 0.042340158515399 0.441446111017802 0.315693435126215 0.63698374732591 -0.358033593641612
-1.07738890714573 0.0493676612282128 0.424847823122918 0.309084437377046 0.652541084022816 -0.358452098605257
-1.07622802238929 0.0561458115948072 0.408887168785199 0.302286510155192 0.667340853604101 -0.358432321749997
-1.07497895655075 0.0625964812110466 0.39375418667784 0.295441278824109 0.681224769872917 -0.358037760035153
-1.07365314457456 0.0687586780055965 0.379358932279367 0.288569698645873 0.694294212295197 -0.357328376651467
-1.07225478175968 0.0746845198889298 0.365579443637419 0.281664392519771 0.706675338122269 -0.356348912408699
-1.0707835814985 0.0804250647851815 0.352296164794558 0.274705639984366 0.718487416703953 -0.355130704769545
-1.06923658815602 0.0860253350958084 0.339404053805309 0.267669620874406 0.72983253435072 -0.353694955970212
-1.0676092436206 0.0915233843465364 0.326814865862267 0.2605322437568 0.740794377758343 -0.352055628103334
-1.06589596407275 0.0969509259154394 0.31445563916318 0.253270665589932 0.751440324909582 -0.350221591505369
-1.06409041962964 0.102334425254622 0.302266054818155 0.245863680528356 0.76182436481149 -0.348198105782976
-1.06218563997747 0.107696208699158 0.290195756047184 0.23829159532785 0.771989883930297 -0.345987804027006
-1.06017401890981 0.113055432427041 0.278202004782004 0.230535900317072 0.781972014127811 -0.343591332744111
-1.05804725881076 0.118428877528886 0.266247756053137 0.222578882762815 0.791799502757637 -0.341007760291698
-1.05579627689449 0.123831584217406 0.254300116215034 0.214403246733137 0.801496160679462 -0.338234830950541
-1.05341108361364 0.129277352738934 0.242329115797131 0.205991762547059 0.811081967816522 -0.335269115285991
-1.05088063683846 0.134779139820767 0.230306724542705 0.197326949350197 0.820573912295767 -0.332106089170962
-1.04819267116854 0.140349375989829 0.218206044298842 0.188390785634117 0.829986626869705 -0.328740161623944
-1.04533349884976 0.146000224433068 0.206000626045204 0.17916443908743 0.839332872804564 -0.325164663520496
-1.04228777647579 0.15174379765228 0.193663867003093 0.169628006169825 0.848623909472706 -0.321371803822103
-1.03903822946835 0.157592344449208 0.181168451258327 0.159760251773831 0.857869778210035 -0.317352596223037
-1.03556532389596 0.163558416809111 0.168485802402777 0.149538339545132 0.867079521493192 -0.313096756354241
-1.03184687219494 0.169655023922215 0.155585519400998 0.138937543502607 0.876261352793954 -0.30859256742482
-1.02785755546894 0.175895778726903 0.142434767295082 0.127930931349168 0.885422788173871 -0.303826710076069
-1.02356833985432 0.182295040791093 0.128997592431622 0.116489009192228 0.894570747422707 -0.298784049983318
-1.01894575739452 0.188868057865158 0.115234127386231 0.104579316227487 0.903711630008302 -0.293447374092643
-1.01395101217475 0.195631106797635 0.101099643143639 0.0921659562138345 0.912851369031121 -0.287797063011467
-1.00853885896506 0.202601632377665 0.0865433944325312 0.0792090502036309 0.921995464532542 -0.281810682581293
-1.00269258991337 0.209754950699512 0.0715979467994502 0.0657463455626589 0.931094643113932 -0.275501296262168
-0.99641615455301 0.217042523610464 0.0563406298499654 0.051862688966019 0.940075524703054 -0.268905212576481
-0.989708435415944 0.224425702354812 0.0408234811571421 0.0376268656697908 0.948884954258812 -0.2620525680246
-0.982566593023129 0.231870446075934 0.0250846606434809 0.0231003834889324 0.957481932379658 -0.254970829564864
-0.974988698272659 0.239343975129475 0.00915588367342437 0.00834318468025746 0.965832814599244 -0.24768715980973
-0.966975757753042 0.24681287221356 -0.00693297924616661 -0.00658303334983493 0.973908736999218 -0.240229838863722
-0.958533183604787 0.254242268453048 -0.0231513118616366 -0.0216133596653212 0.981684495466434 -0.232628908787724
-0.949671710036938 0.261595849039495 -0.0394666161870702 -0.0366796726099744 0.989138326224018 -0.224916176429518
-0.940407737769956 0.26883646400173 -0.0558444481768003 -0.0517117634371151 0.996252185946766 -0.217124700564612
-0.930763101954305 0.275927144446958 -0.0722491286312269 -0.0666392454645215 1.00301223058554 -0.209287898982434
-0.920764302643682 0.282832323620412 -0.0886449654847727 -0.0813938951610173 1.00940926812847 -0.201438428459392
-0.910441294504642 0.289519065977811 -0.104997735231997 -0.095912065303968 1.01543902973665 -0.193607000673841
-0.899825984385638 0.295958130131442 -0.121276188420906 -0.110136841459039 1.02110217280655 -0.185821288672401
-0.888978680747608 0.302109342687619 -0.1374122373189 -0.123984695800526 1.02639091806652 -0.17812464688709
-0.878036434932913 0.307901684567104 -0.153236341316031 -0.13729547685444 1.03127277624895 -0.170606207712662
-0.867084778551178 0.313307058741942 -0.168667443351455 -0.149997251084112 1.03575222190264 -0.163309807657828
-0.856172446786069 0.318323096128696 -0.18368033675852 -0.162072900199002 1.0398527835446 -0.156250195929692
-0.84532324210197 0.322961432275417 -0.198282793808742 -0.173536753195154 1.04360603591072 -0.149424679080261
-0.834544749789573 0.327240312843475 -0.212500644868607 -0.184419460522565 1.04704539465819 -0.142820852320907
-0.823834358079325 0.331180212975333 -0.226368564105621 -0.194758772289114 1.05020292218496 -0.136421440686216
-0.813183225127434 0.334801397712228 -0.239924665067025 -0.20459422166486 1.05310789019447 -0.130207176047365
-0.802578783715882 0.338122663889343 -0.253207521633503 -0.213964254890694 1.05578630534939 -0.124158408998647
-0.792006247113651 0.341160766391102 -0.266254680010487 -0.222904829744744 1.05826092712415 -0.118255936646355
-0.781449449751007 0.343930219423748 -0.279102062030954 -0.231448860497673 1.06055151178197 -0.112481358926072
-0.770891249600741 0.346443287067122 -0.291783889257712 -0.239626128720897 1.06267513885846 -0.106817158346223
-0.760313639255039 0.348710054488897 -0.30433290746454 -0.247463434369546 1.06464654671959 -0.101246620119349
-0.749697655443407 0.35073851730474 -0.316780787102901 -0.254984857752373 1.06647844254632 -0.0957536595523641
-0.739023136027779 0.352534652827692 -0.32915863664966 -0.262212061175878 1.06818177267745 -0.0903225916518109
-0.728268343500726 0.354102450694798 -0.341497606029622 -0.269164593557554 1.06976594953036 -0.0849378571372421
-0.7174094496206 0.355443886011777 -0.353829586266934 -0.275860181512717 1.07123903588755 -0.0795837044990576
-0.706419852380958 0.35655881804724 -0.366188036346394 -0.282315002296859 1.07260788872736 -0.074243815750379
-0.695269268986691 0.35744479234887 -0.378608995325428 -0.288543941340137 1.07387826431213 -0.0689008510087301
-0.683922510110004 0.358096713108383 -0.391132374368712 -0.294560842516275 1.07505488447873 -0.0635358705921058
-0.672337780420026 0.358506332797043 -0.403803680564127 -0.300378764809796 1.07614146098416 -0.0581275679872444
-0.660464247961833 0.358661471142075 -0.41667642174438 -0.306010266983027 1.07714066970622 -0.0526512041590451
-0.648238439679357 0.358544811875065 -0.429815618189267 -0.311467755867927 1.07805405786863 -0.047077056007135
-0.635440196283173 0.358125881651652 -0.443450059892175 -0.316819935893866 1.07889025617536 -0.0413059457577835
-0.621831062324905 0.357351136487313 -0.457819475175115 -0.322117098433978 1.07965053750003 -0.035234038053332
-0.607125326385171 0.35613656845042 -0.473203491607782 -0.327396706872124 1.08032881799296 -0.0287398615782939
-0.591712633330057 0.354446983185137 -0.48917350408091 -0.332448051488379 1.08088613741098 -0.0219989316967551
-0.575916741138389 0.352276898244115 -0.505383169102309 -0.337126725888692 1.08129991024071 -0.0151501723554202
-0.559932351679744 0.349632639128543 -0.521628916625366 -0.341361092462031 1.08156126830512 -0.00827154666650966
-0.543859761837893 0.346522216270573 -0.5378085764433 -0.345124106025965 1.0816683382812 -0.00139811024460541
-0.527735197024593 0.342949349152518 -0.553886515197257 -0.348412520773759 1.08162171222186 0.0054631716212442
-0.511567867409883 0.33891428214358 -0.569854105671467 -0.351231076472853 1.08142197308136 0.0123167943292753
-0.495376998587489 0.334420848196369 -0.585692414665041 -0.353583645355324 1.08106941325254 0.0191627971589576
-0.479145800242466 0.329463230381231 -0.601417081525349 -0.35547940600956 1.08056288176783 0.0260161756283325
-0.462834588780133 0.324025561751681 -0.617064110619743 -0.356926847695676 1.07989869939989 0.0329012859439979
-0.446388196564066 0.318081569000025 -0.632681752960539 -0.357930429679532 1.07906994952462 0.0398488606795096
-0.42973934786278 0.311593781078821 -0.648326488501776 -0.358488606488061 1.07806583636457 0.0468948254092426
-0.413544089250877 0.304829595373984 -0.663382336536301 -0.358597634277129 1.07692642578719 0.0537680389031475
-0.398174538478054 0.297998142879227 -0.677518678370592 -0.358312172844588 1.07569321684866 0.0603140299653644
-0.383566691098423 0.291134381534342 -0.690813726181228 -0.35769550838125 1.07438041727966 0.0665611268469109
-0.369605932096502 0.284238065197372 -0.7033881099237 -0.356796509881566 1.07299404202021 0.0725584446841973
-0.356172005120684 0.277292670304589 -0.715362903286791 -0.355650025080164 1.07153490840749 0.0783573547755778
-0.343156300594674 0.270275529219202 -0.726844408330476 -0.354279902096839 1.07000070892516 0.0840043728776407
-0.330466437369443 0.263162730993242 -0.737920831493739 -0.352702009766289 1.06838726886319 0.0895392787730495
-0.318025657138143 0.255931208298991 -0.748663588540464 -0.350926578806867 1.06668924567862 0.0949953705078787
-0.305770467887685 0.248559410512455 -0.759130014682125 -0.348959850119504 1.06490048256982 0.100400439607051
-0.293647985992659 0.241027312960008 -0.76936617146119 -0.346805183414695 1.06301415745386 0.10577787045469
-0.281613520616451 0.233316144794007 -0.779409292180662 -0.344463784074424 1.06102281279712 0.111147639280419
-0.269628552489801 0.225408021588531 -0.789289762733286 -0.341935170766244 1.0589183152231 0.116527149177717
-0.257659101844538 0.217285567236601 -0.799032669629126 -0.339217469566745 1.05669177147368 0.121931902330147
-0.24567442595818 0.208931558673992 -0.808658988024527 -0.336307591688724 1.05433341398272 0.127376033014734
-0.233645975511216 0.200328602126583 -0.818186485872106 -0.333201331682014 1.05183246138333 0.132872729555434
-0.221546544031908 0.191458838128039 -0.827630410366584 -0.32989340930852 1.0491769543985 0.138434571180484
-0.20934955450448 0.18230366775233 -0.837004009840102 -0.326377469200054 1.04635356434459 0.144073801447727
-0.19702843697038 0.172843490853576 -0.846318932072571 -0.322646046339362 1.04334736904296 0.149802555485789
-0.184556058893403 0.163057446801611 -0.855585529840655 -0.31869050125196 1.04014158873407 0.155633054450352
-0.171904175686486 0.15292314832716 -0.864813096546468 -0.314500925795468 1.03671727223297 0.161577777468311
-0.159042872075125 0.142416399183751 -0.87401004865897 -0.310066018056563 1.03305292073411 0.167649618872815
-0.145939965962802 0.131510886162129 -0.883184067081362 -0.305372922733626 1.02912403304418 0.1738620365715
-0.132560345154274 0.120177835433362 -0.892342206055491 -0.300407031195407 1.02490255120978 0.180229195762048
-0.118865203493306 0.108385622170392 -0.901490975508073 -0.295151732888064 1.02035617900139 0.186766110717675
-0.104811136233274 0.0960993208361512 -0.910636400562577 -0.289588106617105 1.01544753679586 0.193488785780956
-0.090349043966398 0.0832801813562598 -0.919784060048447 -0.283694536083946 1.01013310401486 0.200414354727689
-0.0754724482312633 0.0699298679794373 -0.92890912614074 -0.277467302389532 1.00438157437201 0.207537434410098
-0.0602678501241201 0.0561394178403033 -0.937931121118174 -0.270945088127025 0.998198971242306 0.214805670286725
-0.0447927254962688 0.0419810054223478 -0.946792551511665 -0.264159336429561 0.991585277007946 0.222178331007216
-0.0290881889915629 0.0275176287948457 -0.955449803757174 -0.257138065633866 0.984537992748749 0.229620436839024
-0.0131873330861548 0.0128095324912392 -0.963867617529292 -0.249908500067003 0.977054950615459 0.237098967575766
0.00287953631605543 -0.00208192610567964 -0.972016028865485 -0.242498709207803 0.969136492549442 0.244580635313485
0.0190818608186584 -0.0170923979967495 -0.979868942118595 -0.234938429481981 0.960787081299949 0.252030827478733
0.035387371695086 -0.0321542229090642 -0.98740372760099 -0.227259210407162 0.952016355905917 0.259413433316229
0.0517617942420811 -0.0471973173826088 -0.994601409164605 -0.219494011863743 0.942839614922536 0.266691329246355
0.0681694004002036 -0.0621509350625392 -1.0014471172341 -0.211676385357719 0.933277716833912 0.273827320420261
0.0845741384469101 -0.0769459474454784 -1.00793056356113 -0.203839389191032 0.923356425114231 0.280785336636514
0.100941082598451 -0.0915172813150156 -1.01404636445443 -0.196014400648388 0.913105281855987 0.287531681963407
0.117237959621302 -0.105806170232379 -1.01979410897506 -0.188229984880368 0.902556149353771 0.29403615511275
0.133436541997192 -0.119761943554853 -1.02517813666777 -0.180510954432627 0.891741594670589 0.300272897987483
0.149347964340719 -0.133204482946169 -1.03015676769032 -0.172956282859451 0.88080880334961 0.306160765805623
0.164874294249445 -0.146045249624258 -1.03472819158377 -0.165618465384573 0.869853897334341 0.311663715008834
0.17998017469983 -0.158257368874931 -1.03891308218692 -0.158517572077773 0.858932907487101 0.316774940952707
0.194667733988864 -0.169849985190763 -1.04274215416923 -0.151653940193618 0.848074420180378 0.321503925384384
0.208959986633225 -0.180851407474829 -1.04624901960653 -0.145016732010205 0.837289032973321 0.325868139485037
0.222890465949798 -0.191298705911956 -1.04946643237042 -0.138589358222324 0.826575966420633 0.329888064134283
0.236497073283572 -0.201231640823565 -1.05242453723568 -0.132352737971449 0.815927463952121 0.333584378795017
0.249818635721307 -0.210689334353943 -1.05515023256759 -0.126287151193427 0.8053315968463 0.336976485547373
0.262893139708149 -0.219708602684348 -1.0576671114486 -0.120373212176833 0.794773971740463 0.340081814861184
0.275756971298021 -0.228323253612468 -1.05999567595695 -0.114592311872102 0.784238704658943 0.342915565484573
0.288444746198676 -0.236563920886203 -1.06215365823811 -0.10892674749089 0.773708912039451 0.345490668377096
0.300989479310397 -0.244458179618197 -1.0641563622791 -0.103359671732877 0.76316688296872 0.347817851351077
0.313422950276809 -0.252030795082618 -1.06601698498353 -0.0978749383513255 0.752594034706734 0.349905733433946
0.325776189489893 -0.259304022791465 -1.06774689907674 -0.0924568853940295 0.74197070958686 0.351760908185498
0.33808005298438 -0.266297916768804 -1.06935589252264 -0.0870900747199005 0.731275839538274 0.353387991488707
0.350365885158245 -0.273030625796688 -1.07085236473116 -0.0817589909430283 0.720486479572928 0.354789616739719
0.362666292820594 -0.279518670739365 -1.0722434818136 -0.0764476909606209 0.709577188993022 0.355966361699989
0.375016078945278 -0.28577720407407 -1.07353529306648 -0.0711393836026549 0.698519214121217 0.356916587676728
0.387453416294404 -0.291820258232504 -1.07473280945424 -0.065815904597806 0.687279393159845 0.357636162830313
0.400021388937494 -0.297660994349061 -1.07584004225443 -0.0604570308358526 0.675818653316951 0.358118025184917
0.412770109251597 -0.303311969560322 -1.07685999581288 -0.0550395428969457 0.664089886561297 0.358351512457271
0.425759759408509 -0.3087854520318 -1.07779460133485 -0.0495358827488476 0.652034841926356 0.358321334780651
0.439160365602075 -0.314130730629727 -1.07865025751266 -0.043871951546809 0.639489891910594 0.35800268217654
0.453208553663183 -0.319405038193694 -1.07943099105308 -0.0379455242737839 0.626222437389906 0.357350562467481
0.468163464887626 -0.324648618261063 -1.08013329299693 -0.0316443934984442 0.611969828109314 0.35629301175951
0.483884278925504 -0.329747140988643 -1.0807300678408 -0.0250232886454373 0.596845788915311 0.354770429634083
0.49996106403433 -0.334521549357817 -1.08119159725752 -0.0182482040932517 0.581230533223205 0.352769753451072
0.516140936408255 -0.338876480269047 -1.08150471240398 -0.0114179188778661 0.565363775995736 0.350294399146916
0.532287437200065 -0.342770717262625 -1.08166545500117 -0.00458191766843384 0.549378017801122 0.347352634931062
0.548342606403753 -0.346193617992763 -1.08167378710111 0.00224338142466214 0.533331180697374 0.343950236568104
0.564298366446267 -0.349149194304816 -1.08153028777002 0.00906266780689578 0.517231921323766 0.340086526497923
0.58012718203122 -0.351639149435099 -1.08123540725759 0.0158722853612758 0.501108225226381 0.335766864073827
0.595834438030995 -0.353671586858169 -1.08078867747253 0.0226826504189881 0.484954239441547 0.330988936439185
0.611449967635132 -0.355255632129352 -1.08018745172158 0.0295150901032475 0.468737484086465 0.325740542026108
0.627018095731699 -0.356397366269305 -1.07942611358051 0.0363980704799577 0.452408017848821 0.319999295789351
0.642592382980694 -0.357097504368299 -1.07849544779165 0.0433654602045502 0.435903064810973 0.313732044163752
0.657845547687866 -0.35734919606481 -1.07741177796152 0.0502791776451511 0.419566230273672 0.307070018419663
0.672236534756066 -0.357187386334379 -1.07622444295461 0.0568939577761999 0.403987908198562 0.300293428558183
0.685768091876253 -0.356676154051642 -1.07495340301365 0.0632042132874471 0.389185311137413 0.293471940764198
0.698545171983731 -0.355868732163485 -1.07360741929402 0.0692513422167711 0.375062247310301 0.286617389946717
0.710686921205258 -0.354804193803499 -1.07218910345962 0.0750850631888068 0.361502182254375 0.279719130614695
0.722303073767924 -0.353509725457942 -1.07069728531116 0.0807527366694689 0.348394211543248 0.272756988788476
0.733486777282921 -0.352003644937655 -1.06912852527325 0.0862957959457165 0.335641747990342 0.265707848991942
0.744314302410404 -0.35029793721153 -1.06747799008134 0.0917492695053014 0.323163687670949 0.258548667706232
0.754847194729942 -0.34840010492622 -1.06573991818476 0.0971424766971081 0.31089272345483 0.251257628229116
0.765134968726963 -0.346314437097632 -1.06390783721866 0.102500049123014 0.29877286849171 0.243814387974622
0.775217613226388 -0.34404285095776 -1.06197463568095 0.107842934742175 0.28675702245458 0.236199916215589
0.785127685232377 -0.341585438855239 -1.0599325488984 0.113189267260182 0.274804863666037 0.22839617159506
0.794891974473255 -0.338940816310531 -1.0577730928711 0.118555078643608 0.262881118397861 0.220385737666926
0.804532793502632 -0.336106336628242 -1.05548696357608 0.12395486906667 0.250954170073459 0.212151467561576
0.814068965100441 -0.333078214932953 -1.05306390974392 0.129402059500225 0.238994944643495 0.203676155432731
0.823516574179056 -0.329851588967193 -1.05049258131544 0.134909352609715 0.226976007136397 0.194942236357481
0.832889540163216 -0.32642053357475 -1.04776035206847 0.140489024354453 0.214870811905269 0.1859315092203
0.842200053880447 -0.322778038841672 -1.04485311225603 0.146153164545007 0.202653058375594 0.176624874296668
0.851458912533817 -0.318915957157781 -1.04175502487306 0.151913880745732 0.190296112339262 0.167002076412053
0.860675777863071 -0.314824921136418 -1.03844823693878 0.157783476661188 0.177772459075718 0.157041444475233
0.869859376022064 -0.310494231797588 -1.03491253461074 0.163774613544248 0.165053158588691 0.146719618253344
0.879017652686895 -0.30591171426092 -1.0311249277273 0.169900461105127 0.152107275040418 0.136011253155796
0.888157893104379 -0.30106353609206 -1.02705914515813 0.176174842730476 0.138901252053766 0.124888693361588
0.897286813870766 -0.295933981125994 -1.02268501668738 0.182612378363985 0.125398202816624 0.113321602762013
0.906410630918749 -0.290505168775866 -1.01796770944644 0.189228626952433 0.111557078527707 0.101276541823436
0.915535106247697 -0.284756705196568 -1.01286677627293 0.196040228670219 0.0973316700252475 0.0887164765263517
0.924665574138223 -0.278665247767693 -1.00733495849198 0.203065044847052 0.0826693843537719 0.0756002029206444
0.933728924316687 -0.272260757928335 -1.00137021842224 0.210259328514395 0.0676412941055631 0.062001429413943
0.942658365975469 -0.265577415401126 -0.994974559456148 0.217578025509312 0.0523161934806932 0.0479993898918168
0.951404664886304 -0.25864432576475 -0.98814591849897 0.224984249402887 0.0367412536126808 0.0336600763618665
0.959929100814696 -0.251488707147916 -0.980881313418039 0.232444583423943 0.0209522126033568 0.0190441237239766
0.968199379887616 -0.244137989574818 -0.973179313006795 0.239926170731363 0.00497993311919301 0.00421181884345795
0.976187535500589 -0.236621016112848 -0.965041921418315 0.247395141620361 -0.0111456140822593 -0.01077412550751
0.983869113803252 -0.228968501406869 -0.956475911497504 0.254816048136743 -0.0273932023057342 -0.025847546729871
0.991223139445836 -0.221212877566249 -0.947493597653386 0.262152060955798 -0.0437295417924357 -0.0409391833895458
0.998232490748753 -0.213387654155686 -0.938113027504353 0.269365721794707 -0.0601194632443857 -0.0559780676390186
1.00488440438352 -0.205526433185615 -0.928357595418904 0.27642005161561 -0.0765268089646047 -0.0708936184299917
1.01117090216687 -0.197661737821021 -0.918255131489998 0.283279812046801 -0.0929157706768601 -0.085618074225776
1.01708900171837 -0.189823820206662 -0.907836579110939 0.289912724553354 -0.109252422607412 -0.100088904346689
1.02264064231507 -0.18203959949348 -0.897134422847806 0.296290480569499 -0.12550621946725 -0.114250881076016
1.02780375956902 -0.174375511275913 -0.886244094206494 0.302355475991072 -0.141559665362513 -0.127979964715156
1.032558299712 -0.16690670604528 -0.875287414782515 0.308050228352154 -0.157270884929474 -0.141143522306871
1.03691549547439 -0.159667736983097 -0.86433875598881 0.313355044154221 -0.17257673948557 -0.15368730717112
1.04090201964327 -0.152667587248392 -0.853439133350414 0.31827233590609 -0.187462886292842 -0.165604748657694
1.04455048583615 -0.145900203160321 -0.842607235033574 0.322816176615783 -0.201943250802558 -0.176915973455458
1.0478942196349 -0.139351366319722 -0.831847373190082 0.327005827616484 -0.216046846444799 -0.187654461296759
1.05096464895816 -0.133002933990552 -0.82115490134208 0.330861966670604 -0.229809747616066 -0.197859032680049
1.05379019566466 -0.126835321003949 -0.810519742821036 0.334404626494284 -0.243270452843605 -0.207569305490332
1.05639597524987 -0.12082886248279 -0.799928591744325 0.337652160312678 -0.256467383505533 -0.216823297829885
1.05880389939818 -0.114964489410243 -0.78936621498406 0.340620794127167 -0.269437684414108 -0.22565630471692
1.06103295536329 -0.109223994325104 -0.778816158349505 0.343324494663805 -0.282216797013766 -0.234100500338698
1.06309954190122 -0.103590058215263 -0.768261060505251 0.345774991604573 -0.294838481395957 -0.242184933389306
1.06501780144643 -0.0980461401090434 -0.757682704714826 0.347981860296089 -0.307335096731592 -0.249935720187043
1.06679992099828 -0.0925762863857419 -0.7470618862248 0.349952611076464 -0.319738034773462 -0.257376324690719
1.06845639132895 -0.0871648884673568 -0.736378135807714 0.351692753748904 -0.332078255521224 -0.264527865281544
1.06999622248427 -0.0817963989002169 -0.72560931202984 0.353205817034644 -0.344386910454413 -0.271409418134424
1.07142711704378 -0.0764550023669647 -0.714731051304707 0.354493306871718 -0.356696065739056 -0.27803830450475
1.07275560338587 -0.0711242264850642 -0.703716041112241 0.355554586079333 -0.369039562273617 -0.284430359594266
1.07398713034753 -0.0657864642960603 -0.692533052652122 0.356386651527336 -0.38145407769539 -0.290600187231272
1.07512612256655 -0.060422362534012 -0.681145627236618 0.356983772299995 -0.393980495329921 -0.29656140976598
1.07617599227825 -0.0550100015846077 -0.669510243454924 0.357336929947139 -0.406665748823308 -0.302326928362528
1.07713909757513 -0.0495237445169639 -0.657573676105676 0.357432962246205 -0.419565421469441 -0.307909217729238
1.0780179937448 -0.0439232810133121 -0.645248544111201 0.357252708708416 -0.432769449633582 -0.313329427695101
1.07882035066615 -0.0381039748162385 -0.632300820718095 0.356761226280739 -0.446519529948037 -0.318657251464498
1.07954552227406 -0.0319601334119263 -0.618485964616252 0.355899290306878 -0.461059557657798 -0.323939156894948
1.08018162820273 -0.0254076991928757 -0.603601812079834 0.354584772872818 -0.476579816122885 -0.32917707367994
1.08069024321963 -0.0186446300414889 -0.588092658856364 0.352793306235102 -0.492597584363255 -0.33414867619361
1.0810527439942 -0.0117951051442837 -0.572251721975856 0.35052304455625 -0.508801022018329 -0.338727939411963
1.08126242789343 -0.00492636186256502 -0.556250519381569 0.347781366423171 -0.525011908511846 -0.342855004560603
1.0813183176384 0.00193368807897423 -0.540173277921806 0.344575725558015 -0.541145039716575 -0.346509413636986
1.0812211170753 0.00878260457836366 -0.524045631683981 0.340908429994813 -0.557175485391302 -0.349691034573173
1.08097143865781 0.015620898175969 -0.507886059870996 0.336782327802247 -0.573085378786801 -0.352403225978213
1.08056941027707 0.0224529687583289 -0.491703335198392 0.332199103220354 -0.588866075078666 -0.35465207197868
1.08001337524872 0.0292964667362183 -0.475474108280647 0.327150702767729 -0.604539266968058 -0.356447169503944
1.0792989512826 0.0361774239803849 -0.459154463644917 0.321619009697778 -0.620144487637668 -0.35779643367816
1.07841837402935 0.0431277684689095 -0.442686219396185 0.315575429252872 -0.63573215463315 -0.358703197721778
1.07736162086463 0.0501735170844372 -0.426025432524822 0.308990566948706 -0.651336188339797 -0.35916408403314
1.07618245147666 0.0569811655157257 -0.409975111775763 0.302200541106389 -0.66620733970088 -0.359181706622112
1.0749155982662 0.063455492482626 -0.394766288799228 0.295363437553663 -0.680149309466962 -0.358818930036286
1.0735728441397 0.069635584135111 -0.38030888734844 0.288501676132853 -0.693263956791246 -0.358137260267961
1.0721584703528 0.0755743949920962 -0.366478897392196 0.281608304296358 -0.705679572960588 -0.35718269928845
1.07067214926419 0.0813239286287687 -0.353154416657246 0.274663564511239 -0.717517732606926 -0.355987493140004
1.06911083574273 0.0869300329192576 -0.34022833680374 0.267643436990095 -0.728882498938972 -0.354573469909349
1.06746987354574 0.0924314144133093 -0.327610762941025 0.26052360514486 -0.739859110604702 -0.352955019558166
1.0657435899628 0.0978602789867376 -0.315227473901052 0.253281030207847 -0.750516116061737 -0.351141309194582
1.06392558211272 0.103243453587923 -0.303017211053301 0.245894356918905 -0.760908371059403 -0.349137810506824
1.06200882397736 0.108603524898483 -0.290928924513795 0.238343789667605 -0.77107989946355 -0.346947314566085
1.05998567017862 0.113959833179155 -0.278919368467914 0.230610758357691 -0.78106630171069 -0.344570591536843
1.05784779905377 0.119329286491884 -0.266951128169439 0.22267752538939 -0.790896670884316 -0.342006811881271
1.05558611754639 0.124727009050808 -0.254991043032189 0.214526799722827 -0.800595074514186 -0.339253808773631
1.05319063863216 0.130166852311643 -0.243008954092896 0.206141381738609 -0.810181684539248 -0.336308234050249
1.05065033500175 0.135661798599385 -0.230976701065163 0.197503842535229 -0.819673633936576 -0.333165641134611
1.0479529684076 0.141224283385457 -0.218867302763494 0.188596232382462 -0.829085665644092 -0.329820515767915
1.0450848911711 0.146866457468331 -0.2066542657748 0.179399809569953 -0.838430625396288 -0.326266267038281
1.04203081406319 0.152600405733057 -0.194310976313875 0.169894779906901 -0.847719837749296 -0.322495185639955
1.0387735326123 0.158438335323483 -0.181810138015106 0.160060037140779 -0.856963394597182 -0.318498372464258
1.03529360149868 0.164392743000066 -0.169123223738734 0.149872894815544 -0.86617037775993 -0.314265637815607
1.03156894375031 0.170476569059062 -0.156219912376543 0.139308800208539 -0.875349031373752 -0.309785369267598
1.02757437763799 0.176703343284134 -0.143067482223901 0.128341020784421 -0.884506895414078 -0.305044364068551
1.02328103907158 0.183087326799505 -0.129630130721201 0.116940292983941 -0.893650908350365 -0.300027619783442
1.0186556703845 0.189643652188402 -0.115868186035066 0.105074422057532 -0.902787484349423 -0.29471807424593
1.01365973688428 0.196388462587888 -0.101737168541707 0.0927078199946686 -0.911922568342556 -0.289096282582554
1.00824831930654 0.203339048347676 -0.0871866488894437 0.0798009663182685 -0.921061670417081 -0.283140014665941
1.00240324642034 0.210472881142312 -0.0722449296585575 0.066387537485263 -0.930158316761766 -0.276860418627572
0.996128882839489 0.217741112546435 -0.0569903853639529 0.0525528144599982 -0.93913849747552 -0.270293927006429
0.989424393088146 0.225104965838406 -0.0414756847058121 0.0383657409961098 -0.947948708382318 -0.263470706834512
0.982287115235201 0.232530402993333 -0.0257393382812395 0.0238877765096811 -0.956547776953945 -0.256418179503011
0.974715213476639 0.239984737932216 -0.00981322751508623 0.00917866653483525 -0.964901985961536 -0.249163404467048
0.966709718157018 0.247434706016487 0.00627272807333748 -0.00570018634765618 -0.972982446230339 -0.241734519668827
0.958276008218394 0.254845623686466 0.0224879313599761 -0.0206842189128969 -0.980763939578354 -0.234161404773566
0.94942474081695 0.262181370926259 0.0387999344648051 -0.0357056680894511 -0.988224675281739 -0.226475702836805
0.940172210770907 0.269404981745945 0.055174345120473 -0.0506946562289243 -0.995346555891364 -0.218710325517017
0.930540135378276 0.276479643792017 0.0715755146851774 -0.0655810677888991 -1.00211565006344 -0.210898576003114
0.920554902440856 0.283369907691989 0.0879677439664593 -0.0802968667734865 -1.0085226464073 -0.2030730409185
0.910246376197052 0.290042910344741 0.104316755081752 -0.0947784974193506 -1.01456313127879 -0.195264412925387
0.899646407765452 0.296469438240875 0.120591194366202 -0.108969040111878 -1.02023760213164 -0.187500398128993
0.888808968817552 0.302612779067771 0.136732055408594 -0.122792780406645 -1.02554102422613 -0.179819998661122
0.877873631102099 0.308399903128467 0.152565127497029 -0.136085406299966 -1.03043875859911 -0.172314496828497
0.866927746797006 0.313801427270212 0.168006300647789 -0.148772200304931 -1.03493404744478 -0.165029226965277
0.856021288228621 0.318814227597119 0.183028504484838 -0.160834307926598 -1.03904979271344 -0.157979919670517
0.845178859914651 0.323449538327695 0.197638448280183 -0.172285042411536 -1.04281730819482 -0.151164495916156
0.834408547922892 0.327725423700625 0.211861405431734 -0.183154501602743 -1.04626995335461 -0.144570922097879
0.823708044651737 0.331662307107036 0.225731795453731 -0.193480165616292 -1.04943984010545 -0.13818214149074
0.81306869156063 0.335280474604582 0.239287646464121 -0.203301461937116 -1.05235633802473 -0.131979012667462
0.802478036226016 0.338598782821716 0.252567532399163 -0.212656821431459 -1.05504556862516 -0.125941961390254
0.791921373520945 0.341634065993459 0.265609033637251 -0.221582232184372 -1.05753040715818 -0.120051833809084
0.781382610037901 0.344400927167875 0.278448109198825 -0.230110658402342 -1.05983071923671 -0.11429026876553
0.770844682853283 0.346911724240314 0.291119001860049 -0.238271936517556 -1.06196368471332 -0.108639787722755
0.760289682708429 0.349176640010321 0.30365445041579 -0.246092918285885 -1.0639441331242 -0.103083721724432
0.749698773620166 0.35120377249739 0.316086081187497 -0.253597728606394 -1.06578485480765 -0.0976060438909921
0.739051959717307 0.352999208628528 0.328444913261551 -0.260808065079962 -1.06749687297884 -0.0921911435485627
0.728327719871364 0.354567058576257 0.340761952805645 -0.267743501515563 -1.06908967267699 -0.0868235570606908
0.717502506364193 0.355909434003887 0.353068880910162 -0.274421778199843 -1.07057138727434 -0.0814876558040403
0.706550080794415 0.357026353680245 0.365398863967479 -0.280859073828665 -1.07194894476188 -0.0761672798515759
0.695440633755684 0.357915555160308 0.377787541915602 -0.287070261419051 -1.07322817567127 -0.0708452937412529
0.684139598027405 0.358572180779639 0.390274284820812 -0.29306915586304 -1.0744138828482 -0.0655030249165947
0.672606007701637 0.358988287424139 0.402903862682074 -0.298868766085649 -1.07550987038369 -0.0601195213384869
0.660790158850942 0.359152096458961 0.415728765425303 -0.304481572223647 -1.07651892427623 -0.0546705242353098
0.648630153139278 0.359046840231693 0.428812576232538 -0.309919861265307 -1.0774427293718 -0.0491269789663822
0.635915080658629 0.358643271444951 0.442374763772371 -0.315249468989342 -1.07828984443098 -0.0433938024556056
0.622410397601199 0.357889762986091 0.456651755321076 -0.320521040406924 -1.07906215292226 -0.0373687225791635
0.60783816605383 0.35670530576253 0.471916129533055 -0.325771820246922 -1.07975429558687 -0.0309334855156039
0.592518892109508 0.355048501236569 0.487811081888204 -0.330815218446358 -1.0803299739977 -0.0242332827902068
0.57679056204883 0.352912376278609 0.503974114513361 -0.335498581174089 -1.08076467656217 -0.0174137951045165
0.563344400025253 0.350739023899661 0.517669969310216 -0.339114783363188 -1.08101436933545 -0.0116242405364695
